[gd_scene load_steps=38 format=3 uid="uid://bntofxyj3l1jr"]

[ext_resource type="PackedScene" uid="uid://dur06rjn7cp0y" path="res://assets/PolygonTropicalJungle/Prefabs/SM_Env_Rock_Arch_01.tscn" id="1_3cih3"]
[ext_resource type="PackedScene" uid="uid://bmt32aexhe21t" path="res://assets/PolygonTropicalJungle/Prefabs/SM_Env_Rock_Cliff_01.tscn" id="2_evk0u"]
[ext_resource type="PackedScene" uid="uid://cb7pqs6irplea" path="res://units/player/PlayerCharacter/PlayerCharacterVisuals.tscn" id="3_dpoig"]
[ext_resource type="Texture2D" uid="uid://c5q0yj35f8hss" path="res://assets/PolygonTropicalJungle/Terrain/Grass_Texture_01.png" id="4_jfhoq"]
[ext_resource type="Texture2D" uid="uid://dw53qqo0nqnye" path="res://assets/PolygonTropicalJungle/Terrain/Ground_Normals_01.png" id="5_jmh6m"]
[ext_resource type="PackedScene" uid="uid://06vom8h5v1pw" path="res://assets/PolygonTropicalJungle/Prefabs/SM_Env_Tree_Forest_03.tscn" id="6_ycfm8"]
[ext_resource type="Texture2D" uid="uid://dyh7yd6ess6bk" path="res://assets/particles/circle_05.png" id="7_cfcsa"]
[ext_resource type="PackedScene" uid="uid://clkb5v6k4yuy2" path="res://assets/PolygonTropicalJungle/Prefabs/SM_Env_Tree_Forest_02.tscn" id="7_jcb57"]
[ext_resource type="PackedScene" uid="uid://b5njpawhv1h0y" path="res://assets/PolygonTropicalJungle/Prefabs/SM_Env_Tree_Forest_01.tscn" id="8_8b4hk"]
[ext_resource type="Texture2D" uid="uid://bfq8lmy0qmd5b" path="res://assets/fire-particle.tga" id="8_rbt8x"]
[ext_resource type="PackedScene" path="res://assets/PolygonDungeon/Prefabs/Environments/Rocks/SM_Env_Rock_Brick_Simple_01.tscn" id="9_82let"]
[ext_resource type="PackedScene" uid="uid://owjqnrai01sk" path="res://assets/PolygonTropicalJungle/Prefabs/SM_Env_Rock_06.tscn" id="10_lbc4m"]
[ext_resource type="PackedScene" uid="uid://u8nhc3yc5osh" path="res://assets/PolygonTropicalJungle/Prefabs/SM_Env_Rock_03.tscn" id="11_hdtar"]
[ext_resource type="PackedScene" uid="uid://d2w234i6rlsg" path="res://assets/PolygonTropicalJungle/Prefabs/SM_Env_Rock_05.tscn" id="12_b0hxq"]
[ext_resource type="PackedScene" uid="uid://dkih41785smk5" path="res://assets/PolygonTropicalJungle/Prefabs/SM_Env_Rock_02.tscn" id="13_41fu7"]
[ext_resource type="PackedScene" uid="uid://cgn7u72xp01dc" path="res://assets/PolygonTropicalJungle/Prefabs/SM_Env_Rock_01.tscn" id="14_g6bv7"]
[ext_resource type="PackedScene" uid="uid://bkj2dnlynulyr" path="res://assets/PolygonTropicalJungle/Prefabs/SM_Env_Grass_Tall_Clump_03.tscn" id="15_ktsfq"]
[ext_resource type="PackedScene" uid="uid://culaiwenc0uwp" path="res://assets/PolygonTropicalJungle/Prefabs/SM_Env_Grass_Tall_Clump_02.tscn" id="16_mm6kr"]
[ext_resource type="PackedScene" uid="uid://dxufj8co46a6" path="res://assets/PolygonTropicalJungle/Prefabs/SM_Env_Grass_Tall_Clump_01.tscn" id="17_u3un0"]
[ext_resource type="PackedScene" uid="uid://chl176ponels8" path="res://assets/PolygonTropicalJungle/Prefabs/SM_Bld_Ruins_Wall_01.tscn" id="20_ianj7"]

[sub_resource type="StandardMaterial3D" id="StandardMaterial3D_ktukb"]
albedo_texture = ExtResource("4_jfhoq")
normal_enabled = true
normal_texture = ExtResource("5_jmh6m")
uv1_scale = Vector3(50, 50, 50)

[sub_resource type="PlaneMesh" id="PlaneMesh_gm4n4"]
material = SubResource("StandardMaterial3D_ktukb")
size = Vector2(1000, 1000)

[sub_resource type="BoxShape3D" id="BoxShape3D_jx27h"]
size = Vector3(1000, 0.01, 1000)

[sub_resource type="Environment" id="Environment_sldfe"]
volumetric_fog_enabled = true
volumetric_fog_density = 0.0001

[sub_resource type="Curve" id="Curve_t42cw"]
max_value = 200.0
_data = [Vector2(0, 1), 0.0, 0.0, 0, 0, Vector2(0.951852, 200), 0.0, 0.0, 0, 0]
point_count = 2

[sub_resource type="CurveTexture" id="CurveTexture_86hov"]
curve = SubResource("Curve_t42cw")

[sub_resource type="Curve" id="Curve_wclth"]
_data = [Vector2(0, 0), 0.0, 0.0, 0, 0]
point_count = 1

[sub_resource type="Curve" id="Curve_lqxn3"]
max_value = 2.0
_data = [Vector2(0, 1.05921), 0.0, 0.0, 0, 0, Vector2(1, 0.99812), 0.0, 0.0, 0, 0]
point_count = 2

[sub_resource type="Curve" id="Curve_ip5pr"]
max_value = 2.0
_data = [Vector2(0, 0), 0.0, 0.0, 0, 0, Vector2(1, 0), 0.0, 0.0, 0, 0]
point_count = 2

[sub_resource type="CurveXYZTexture" id="CurveXYZTexture_oulld"]
curve_x = SubResource("Curve_wclth")
curve_y = SubResource("Curve_lqxn3")
curve_z = SubResource("Curve_ip5pr")

[sub_resource type="Curve" id="Curve_p3ul3"]
_data = [Vector2(0.00492611, 0), 0.0, 0.0, 0, 0, Vector2(0.5, 1), 0.0, 0.0, 0, 0, Vector2(1, 0), 0.0, 0.0, 0, 0]
point_count = 3

[sub_resource type="CurveTexture" id="CurveTexture_t5bjj"]
curve = SubResource("Curve_p3ul3")

[sub_resource type="Curve" id="Curve_ce4jh"]
min_value = -2.0
max_value = 10.0
_data = [Vector2(0, 5.01504), 0.0, 0.0, 0, 0, Vector2(1, 5.01504), 0.0, 0.0, 0, 0]
point_count = 2

[sub_resource type="CurveTexture" id="CurveTexture_b6gep"]
curve = SubResource("Curve_ce4jh")

[sub_resource type="ParticleProcessMaterial" id="ParticleProcessMaterial_cnwqv"]
emission_shape = 3
emission_box_extents = Vector3(5, 5, 5)
direction = Vector3(1, 1, 1)
spread = 180.0
initial_velocity_max = 0.5
orbit_velocity_curve = SubResource("CurveXYZTexture_oulld")
gravity = Vector3(0, 0, 0)
tangential_accel_curve = SubResource("CurveTexture_b6gep")
scale_curve = SubResource("CurveTexture_t5bjj")
anim_speed_curve = SubResource("CurveTexture_86hov")
turbulence_enabled = true
turbulence_noise_strength = 0.25
turbulence_noise_scale = 0.25

[sub_resource type="StandardMaterial3D" id="StandardMaterial3D_1ah3f"]
transparency = 1
blend_mode = 1
vertex_color_use_as_albedo = true
albedo_color = Color(0.2, 0.898039, 0.929412, 1)
albedo_texture = ExtResource("7_cfcsa")
emission_enabled = true
emission = Color(0.9, 0.63435, 0.207, 1)
emission_texture = ExtResource("7_cfcsa")
detail_mask = ExtResource("8_rbt8x")
billboard_mode = 3
billboard_keep_scale = true
particles_anim_h_frames = 1
particles_anim_v_frames = 1
particles_anim_loop = false
grow_amount = -6.575
proximity_fade_distance = 674.32

[sub_resource type="PlaneMesh" id="PlaneMesh_7yge0"]
lightmap_size_hint = Vector2i(2, 2)
material = SubResource("StandardMaterial3D_1ah3f")
size = Vector2(0.2, 0.2)
orientation = 2

[node name="MainMenu" type="Node3D"]

[node name="Camera3D" type="Camera3D" parent="."]
transform = Transform3D(-0.94207, -0.0594159, 0.330113, 0, 0.984186, 0.17714, -0.335418, 0.166878, -0.927171, 4.2522, 6.27554, 2.33178)

[node name="Visuals" parent="." instance=ExtResource("3_dpoig")]
transform = Transform3D(1, 0, 0, 0, 1, 0, 0, 0, 1, 3.59505, 5.57413, 2.71282)

[node name="Ground" type="StaticBody3D" parent="."]

[node name="MeshInstance3D" type="MeshInstance3D" parent="Ground"]
transform = Transform3D(0.581328, 0, 0.813669, 0, 1, 0, -0.813669, 0, 0.581328, -273.525, 9.53674e-07, 342.367)
mesh = SubResource("PlaneMesh_gm4n4")
skeleton = NodePath("../..")

[node name="CollisionShape3D" type="CollisionShape3D" parent="Ground"]
transform = Transform3D(0.79872, 0, -0.601704, 0, 1, 0, 0.601704, 0, 0.79872, -272.438, 0, 346.101)
shape = SubResource("BoxShape3D_jx27h")

[node name="Grass" type="Node3D" parent="."]

[node name="SM_Env_Grass_Tall_Clump_03" parent="Grass" instance=ExtResource("15_ktsfq")]
transform = Transform3D(1, 0, 0, 0, 1, 0, 0, 0, 1, 9.56216, 0.00500011, 12.7248)

[node name="SM_Env_Grass_Tall_Clump_04" parent="Grass" instance=ExtResource("15_ktsfq")]
transform = Transform3D(1, 0, 0, 0, 1, 0, 0, 0, 1, 7.68808, 0.00499964, 13.28)

[node name="SM_Env_Grass_Tall_Clump_05" parent="Grass" instance=ExtResource("15_ktsfq")]
transform = Transform3D(1, 0, 0, 0, 1, 0, 0, 0, 1, 8.56433, 0.00500011, 12.4213)

[node name="SM_Env_Grass_Tall_Clump_06" parent="Grass" instance=ExtResource("15_ktsfq")]
transform = Transform3D(1, 0, 0, 0, 1, 0, 0, 0, 1, 8.73026, 0.00500011, 13.7345)

[node name="SM_Env_Grass_Tall_Clump_07" parent="Grass" instance=ExtResource("15_ktsfq")]
transform = Transform3D(1, 0, 0, 0, 1, 0, 0, 0, 1, 7.30603, 0.00500011, 12.1927)

[node name="SM_Env_Grass_Tall_Clump_08" parent="Grass" instance=ExtResource("15_ktsfq")]
transform = Transform3D(1, 0, 0, 0, 1, 0, 0, 0, 1, 8.32971, 0.00500011, 11.3912)

[node name="SM_Env_Grass_Tall_Clump_09" parent="Grass" instance=ExtResource("15_ktsfq")]
transform = Transform3D(1, 0, 0, 0, 1, 0, 0, 0, 1, 9.59875, 0.00500011, 11.6104)

[node name="SM_Env_Grass_Tall_Clump_10" parent="Grass" instance=ExtResource("15_ktsfq")]
transform = Transform3D(1, 0, 0, 0, 1, 0, 0, 0, 1, 10.0381, 0.00500011, 13.9746)

[node name="SM_Env_Grass_Tall_Clump_11" parent="Grass" instance=ExtResource("15_ktsfq")]
transform = Transform3D(1, 0, 0, 0, 1, 0, 0, 0, 1, 6.23392, 0.00500011, 13.2614)

[node name="SM_Env_Grass_Tall_Clump_12" parent="Grass" instance=ExtResource("15_ktsfq")]
transform = Transform3D(1, 0, 0, 0, 1, 0, 0, 0, 1, 6.0578, 0.00500011, 12.1202)

[node name="SM_Env_Grass_Tall_Clump_13" parent="Grass" instance=ExtResource("15_ktsfq")]
transform = Transform3D(1, 0, 0, 0, 1, 0, 0, 0, 1, 7.14075, 0.00500011, 11.0555)

[node name="SM_Env_Grass_Tall_Clump_14" parent="Grass" instance=ExtResource("16_mm6kr")]
transform = Transform3D(1, 0, 0, 0, 1, 0, 0, 0, 1, 10.3792, 0.00500011, 12.8979)

[node name="SM_Env_Grass_Tall_Clump_15" parent="Grass" instance=ExtResource("16_mm6kr")]
transform = Transform3D(1, 0, 0, 0, 1, 0, 0, 0, 1, 9.12399, 0.00500011, 10.844)

[node name="SM_Env_Grass_Tall_Clump_16" parent="Grass" instance=ExtResource("17_u3un0")]
transform = Transform3D(1, 0, 0, 0, 1, 0, 0, 0, 1, 10.3611, 0.00500011, 12.2798)

[node name="SM_Env_Grass_Tall_Clump_17" parent="Grass" instance=ExtResource("17_u3un0")]
transform = Transform3D(1, 0, 0, 0, 1, 0, 0, 0, 1, 8.45984, 0.00500011, 11.7731)

[node name="SM_Env_Grass_Tall_Clump_18" parent="Grass" instance=ExtResource("17_u3un0")]
transform = Transform3D(1, 0, 0, 0, 1, 0, 0, 0, 1, 8.53949, 0.00500011, 12.8331)

[node name="SM_Env_Grass_Tall_Clump_19" parent="Grass" instance=ExtResource("17_u3un0")]
transform = Transform3D(1, 0, 0, 0, 1, 0, 0, 0, 1, 7.39853, 0.00500011, 12.5581)

[node name="SM_Env_Grass_Tall_Clump_20" parent="Grass" instance=ExtResource("16_mm6kr")]
transform = Transform3D(1, 0, 0, 0, 1, 0, 0, 0, 1, 5.83112, 0.00500011, 11.3148)

[node name="SM_Env_Grass_Tall_Clump_21" parent="Grass" instance=ExtResource("16_mm6kr")]
transform = Transform3D(1, 0, 0, 0, 1, 0, 0, 0, 1, 7.29074, 0.00500011, 14.3559)

[node name="SM_Env_Grass_Tall_Clump_22" parent="Grass" instance=ExtResource("15_ktsfq")]
transform = Transform3D(1, 0, 0, 0, 1, 0, 0, 0, 1, 11.3378, 0.00500011, 13.8794)

[node name="SM_Env_Grass_Tall_Clump_23" parent="Grass" instance=ExtResource("16_mm6kr")]
transform = Transform3D(1, 0, 0, 0, 1, 0, 0, 0, 1, 11.2576, 0.00500011, 12.8367)

[node name="SM_Env_Grass_Tall_Clump_24" parent="Grass" instance=ExtResource("15_ktsfq")]
transform = Transform3D(1, 0, 0, 0, 1, 0, 0, 0, 1, 11.0569, 0.00500011, 11.8912)

[node name="SM_Env_Grass_Tall_Clump_01" parent="Grass" instance=ExtResource("17_u3un0")]
transform = Transform3D(1, 0, 0, 0, 1, 0, 0, 0, 1, 10.4236, 0.00500011, 11.6027)

[node name="SM_Env_Grass_Tall_Clump_02" parent="Grass" instance=ExtResource("16_mm6kr")]
transform = Transform3D(1, 0, 0, 0, 1, 0, 0, 0, 1, 5.20532, 0.00500011, 12.9318)

[node name="SM_Env_Grass_Tall_Clump_25" parent="Grass" instance=ExtResource("16_mm6kr")]
transform = Transform3D(1, 0, 0, 0, 1, 0, 0, 0, 1, 10.4174, 0.00500011, 10.8871)

[node name="SM_Env_Grass_Tall_Clump_26" parent="Grass" instance=ExtResource("17_u3un0")]
transform = Transform3D(1, 0, 0, 0, 1, 0, 0, 0, 1, 6.24191, 0.00500011, 14.3102)

[node name="SM_Env_Grass_Tall_Clump_27" parent="Grass" instance=ExtResource("17_u3un0")]
transform = Transform3D(1, 0, 0, 0, 1, 0, 0, 0, 1, 11.1758, 0.00500011, 11.103)

[node name="SM_Env_Grass_Tall_Clump_28" parent="Grass" instance=ExtResource("17_u3un0")]
transform = Transform3D(1, 0, 0, 0, 1, 0, 0, 0, 1, 8.27594, 0.00500011, 10.6973)

[node name="SM_Env_Grass_Tall_Clump_29" parent="Grass" instance=ExtResource("15_ktsfq")]
transform = Transform3D(-0.999999, 0, -0.00104729, 0, 1, 0, 0.00104729, 0, -0.999999, 7.22251, 0.00499988, 8.40841)

[node name="SM_Env_Grass_Tall_Clump_30" parent="Grass" instance=ExtResource("15_ktsfq")]
transform = Transform3D(-0.999999, 0, -0.00104729, 0, 1, 0, 0.00104729, 0, -0.999999, 9.09602, 0.0049994, 7.85121)

[node name="SM_Env_Grass_Tall_Clump_31" parent="Grass" instance=ExtResource("15_ktsfq")]
transform = Transform3D(-0.999999, 0, -0.00104729, 0, 1, 0, 0.00104729, 0, -0.999999, 8.22066, 0.00499988, 8.71086)

[node name="SM_Env_Grass_Tall_Clump_32" parent="Grass" instance=ExtResource("15_ktsfq")]
transform = Transform3D(-0.999999, 0, -0.00104729, 0, 1, 0, 0.00104729, 0, -0.999999, 8.05337, 0.00499988, 7.39783)

[node name="SM_Env_Grass_Tall_Clump_33" parent="Grass" instance=ExtResource("15_ktsfq")]
transform = Transform3D(-0.999999, 0, -0.00104729, 0, 1, 0, 0.00104729, 0, -0.999999, 9.47921, 0.00499988, 8.93806)

[node name="SM_Env_Grass_Tall_Clump_34" parent="Grass" instance=ExtResource("15_ktsfq")]
transform = Transform3D(-0.999999, 0, -0.00104729, 0, 1, 0, 0.00104729, 0, -0.999999, 8.45636, 0.00499988, 9.7407)

[node name="SM_Env_Grass_Tall_Clump_35" parent="Grass" instance=ExtResource("15_ktsfq")]
transform = Transform3D(-0.999999, 0, -0.00104729, 0, 1, 0, 0.00104729, 0, -0.999999, 7.18709, 0.00499988, 9.52282)

[node name="SM_Env_Grass_Tall_Clump_36" parent="Grass" instance=ExtResource("15_ktsfq")]
transform = Transform3D(-0.999999, 0, -0.00104729, 0, 1, 0, 0.00104729, 0, -0.999999, 6.74522, 0.00499988, 7.15909)

[node name="SM_Env_Grass_Tall_Clump_37" parent="Grass" instance=ExtResource("15_ktsfq")]
transform = Transform3D(-0.999999, 0, -0.00104729, 0, 1, 0, 0.00104729, 0, -0.999999, 10.5502, 0.00499988, 7.8683)

[node name="SM_Env_Grass_Tall_Clump_38" parent="Grass" instance=ExtResource("15_ktsfq")]
transform = Transform3D(-0.999999, 0, -0.00104729, 0, 1, 0, 0.00104729, 0, -0.999999, 10.7275, 0.00499988, 9.00929)

[node name="SM_Env_Grass_Tall_Clump_39" parent="Grass" instance=ExtResource("15_ktsfq")]
transform = Transform3D(-0.999999, 0, -0.00104729, 0, 1, 0, 0.00104729, 0, -0.999999, 9.64568, 0.00499988, 10.0751)

[node name="SM_Env_Grass_Tall_Clump_40" parent="Grass" instance=ExtResource("16_mm6kr")]
transform = Transform3D(-0.999999, 0, -0.00104729, 0, 1, 0, 0.00104729, 0, -0.999999, 6.40529, 0.00499988, 8.2361)

[node name="SM_Env_Grass_Tall_Clump_41" parent="Grass" instance=ExtResource("16_mm6kr")]
transform = Transform3D(-0.999999, 0, -0.00104729, 0, 1, 0, 0.00104729, 0, -0.999999, 7.66266, 0.00499988, 10.2887)

[node name="SM_Env_Grass_Tall_Clump_42" parent="Grass" instance=ExtResource("17_u3un0")]
transform = Transform3D(-0.999999, 0, -0.00104729, 0, 1, 0, 0.00104729, 0, -0.999999, 6.42406, 0.00499988, 8.85419)

[node name="SM_Env_Grass_Tall_Clump_43" parent="Grass" instance=ExtResource("17_u3un0")]
transform = Transform3D(-0.999999, 0, -0.00104729, 0, 1, 0, 0.00104729, 0, -0.999999, 8.32584, 0.00499988, 9.35888)

[node name="SM_Env_Grass_Tall_Clump_44" parent="Grass" instance=ExtResource("17_u3un0")]
transform = Transform3D(-0.999999, 0, -0.00104729, 0, 1, 0, 0.00104729, 0, -0.999999, 8.24508, 0.00499988, 8.29897)

[node name="SM_Env_Grass_Tall_Clump_45" parent="Grass" instance=ExtResource("17_u3un0")]
transform = Transform3D(-0.999999, 0, -0.00104729, 0, 1, 0, 0.00104729, 0, -0.999999, 9.38632, 0.00499988, 8.57277)

[node name="SM_Env_Grass_Tall_Clump_46" parent="Grass" instance=ExtResource("16_mm6kr")]
transform = Transform3D(-0.999999, 0, -0.00104729, 0, 1, 0, 0.00104729, 0, -0.999999, 10.955, 0.00499988, 9.8145)

[node name="SM_Env_Grass_Tall_Clump_47" parent="Grass" instance=ExtResource("16_mm6kr")]
transform = Transform3D(-0.999999, 0, -0.00104729, 0, 1, 0, 0.00104729, 0, -0.999999, 9.49223, 0.00499988, 6.77492)

[node name="SM_Env_Grass_Tall_Clump_48" parent="Grass" instance=ExtResource("15_ktsfq")]
transform = Transform3D(-0.999999, 0, -0.00104729, 0, 1, 0, 0.00104729, 0, -0.999999, 5.4457, 0.00499988, 7.2556)

[node name="SM_Env_Grass_Tall_Clump_49" parent="Grass" instance=ExtResource("16_mm6kr")]
transform = Transform3D(-0.999999, 0, -0.00104729, 0, 1, 0, 0.00104729, 0, -0.999999, 5.52693, 0.00499988, 8.29824)

[node name="SM_Env_Grass_Tall_Clump_50" parent="Grass" instance=ExtResource("15_ktsfq")]
transform = Transform3D(-0.999999, 0, -0.00104729, 0, 1, 0, 0.00104729, 0, -0.999999, 5.72867, 0.00499988, 9.2435)

[node name="SM_Env_Grass_Tall_Clump_51" parent="Grass" instance=ExtResource("17_u3un0")]
transform = Transform3D(-0.999999, 0, -0.00104729, 0, 1, 0, 0.00104729, 0, -0.999999, 6.36221, 0.00499988, 9.53138)

[node name="SM_Env_Grass_Tall_Clump_52" parent="Grass" instance=ExtResource("16_mm6kr")]
transform = Transform3D(-0.999999, 0, -0.00104729, 0, 1, 0, 0.00104729, 0, -0.999999, 11.5791, 0.00499988, 8.19681)

[node name="SM_Env_Grass_Tall_Clump_53" parent="Grass" instance=ExtResource("16_mm6kr")]
transform = Transform3D(-0.999999, 0, -0.00104729, 0, 1, 0, 0.00104729, 0, -0.999999, 6.36922, 0.00499988, 10.247)

[node name="SM_Env_Grass_Tall_Clump_54" parent="Grass" instance=ExtResource("17_u3un0")]
transform = Transform3D(-0.999999, 0, -0.00104729, 0, 1, 0, 0.00104729, 0, -0.999999, 10.5411, 0.00499988, 6.81954)

[node name="SM_Env_Grass_Tall_Clump_55" parent="Grass" instance=ExtResource("17_u3un0")]
transform = Transform3D(-0.999999, 0, -0.00104729, 0, 1, 0, 0.00104729, 0, -0.999999, 5.61054, 0.00499988, 10.0318)

[node name="SM_Env_Grass_Tall_Clump_56" parent="Grass" instance=ExtResource("17_u3un0")]
transform = Transform3D(-0.999999, 0, -0.00104729, 0, 1, 0, 0.00104729, 0, -0.999999, 8.51086, 0.00499988, 10.4345)

[node name="SM_Env_Grass_Tall_Clump_57" parent="Grass" instance=ExtResource("15_ktsfq")]
transform = Transform3D(0.0124438, 0, 0.999923, 0, 1, 0, -0.999923, 0, 0.0124438, 4.38791, 0.00499988, 9.26303)

[node name="SM_Env_Grass_Tall_Clump_58" parent="Grass" instance=ExtResource("15_ktsfq")]
transform = Transform3D(0.0124438, 0, 0.999923, 0, 1, 0, -0.999923, 0, 0.0124438, 4.91979, 0.0049994, 11.1439)

[node name="SM_Env_Grass_Tall_Clump_59" parent="Grass" instance=ExtResource("15_ktsfq")]
transform = Transform3D(0.0124438, 0, 0.999923, 0, 1, 0, -0.999923, 0, 0.0124438, 4.07202, 0.00499988, 10.257)

[node name="SM_Env_Grass_Tall_Clump_60" parent="Grass" instance=ExtResource("15_ktsfq")]
transform = Transform3D(0.0124438, 0, 0.999923, 0, 1, 0, -0.999923, 0, 0.0124438, 5.38719, 0.00499988, 10.1074)

[node name="SM_Env_Grass_Tall_Clump_61" parent="Grass" instance=ExtResource("15_ktsfq")]
transform = Transform3D(0.0124438, 0, 0.999923, 0, 1, 0, -0.999923, 0, 0.0124438, 3.82787, 0.00499988, 11.5124)

[node name="SM_Env_Grass_Tall_Clump_62" parent="Grass" instance=ExtResource("15_ktsfq")]
transform = Transform3D(0.0124438, 0, 0.999923, 0, 1, 0, -0.999923, 0, 0.0124438, 3.03909, 0.00499988, 10.4788)

[node name="SM_Env_Grass_Tall_Clump_63" parent="Grass" instance=ExtResource("15_ktsfq")]
transform = Transform3D(0.0124438, 0, 0.999923, 0, 1, 0, -0.999923, 0, 0.0124438, 3.27408, 0.00499988, 9.21258)

[node name="SM_Env_Grass_Tall_Clump_64" parent="Grass" instance=ExtResource("15_ktsfq")]
transform = Transform3D(0.0124438, 0, 0.999923, 0, 1, 0, -0.999923, 0, 0.0124438, 5.64356, 0.00499988, 8.80264)

[node name="SM_Env_Grass_Tall_Clump_65" parent="Grass" instance=ExtResource("15_ktsfq")]
transform = Transform3D(0.0124438, 0, 0.999923, 0, 1, 0, -0.999923, 0, 0.0124438, 4.88308, 0.00499988, 12.5977)

[node name="SM_Env_Grass_Tall_Clump_66" parent="Grass" instance=ExtResource("15_ktsfq")]
transform = Transform3D(0.0124438, 0, 0.999923, 0, 1, 0, -0.999923, 0, 0.0124438, 3.7398, 0.00499988, 12.7596)

[node name="SM_Env_Grass_Tall_Clump_67" parent="Grass" instance=ExtResource("15_ktsfq")]
transform = Transform3D(0.0124438, 0, 0.999923, 0, 1, 0, -0.999923, 0, 0.0124438, 2.68866, 0.00499988, 11.6635)

[node name="SM_Env_Grass_Tall_Clump_68" parent="Grass" instance=ExtResource("16_mm6kr")]
transform = Transform3D(0.0124438, 0, 0.999923, 0, 1, 0, -0.999923, 0, 0.0124438, 4.57123, 0.00499988, 8.4482)

[node name="SM_Env_Grass_Tall_Clump_69" parent="Grass" instance=ExtResource("16_mm6kr")]
transform = Transform3D(0.0124438, 0, 0.999923, 0, 1, 0, -0.999923, 0, 0.0124438, 2.50184, 0.00499988, 9.67777)

[node name="SM_Env_Grass_Tall_Clump_70" parent="Grass" instance=ExtResource("17_u3un0")]
transform = Transform3D(0.0124438, 0, 0.999923, 0, 1, 0, -0.999923, 0, 0.0124438, 3.95294, 0.00499988, 8.45864)

[node name="SM_Env_Grass_Tall_Clump_71" parent="Grass" instance=ExtResource("17_u3un0")]
transform = Transform3D(0.0124438, 0, 0.999923, 0, 1, 0, -0.999923, 0, 0.0124438, 3.42264, 0.00499988, 10.3534)

[node name="SM_Env_Grass_Tall_Clump_72" parent="Grass" instance=ExtResource("17_u3un0")]
transform = Transform3D(0.0124438, 0, 0.999923, 0, 1, 0, -0.999923, 0, 0.0124438, 4.48355, 0.00499988, 10.287)

[node name="SM_Env_Grass_Tall_Clump_73" parent="Grass" instance=ExtResource("17_u3un0")]
transform = Transform3D(0.0124438, 0, 0.999923, 0, 1, 0, -0.999923, 0, 0.0124438, 4.19438, 0.00499988, 11.4244)

[node name="SM_Env_Grass_Tall_Clump_74" parent="Grass" instance=ExtResource("16_mm6kr")]
transform = Transform3D(0.0124438, 0, 0.999923, 0, 1, 0, -0.999923, 0, 0.0124438, 2.93159, 0.00499988, 12.9762)

[node name="SM_Env_Grass_Tall_Clump_75" parent="Grass" instance=ExtResource("16_mm6kr")]
transform = Transform3D(0.0124438, 0, 0.999923, 0, 1, 0, -0.999923, 0, 0.0124438, 5.99063, 0.00499988, 11.5546)

[node name="SM_Env_Grass_Tall_Clump_76" parent="Grass" instance=ExtResource("15_ktsfq")]
transform = Transform3D(0.0124438, 0, 0.999923, 0, 1, 0, -0.999923, 0, 0.0124438, 5.56458, 0.00499988, 7.50194)

[node name="SM_Env_Grass_Tall_Clump_77" parent="Grass" instance=ExtResource("16_mm6kr")]
transform = Transform3D(0.0124438, 0, 0.999923, 0, 1, 0, -0.999923, 0, 0.0124438, 4.52094, 0.00499988, 7.56909)

[node name="SM_Env_Grass_Tall_Clump_78" parent="Grass" instance=ExtResource("15_ktsfq")]
transform = Transform3D(0.0124438, 0, 0.999923, 0, 1, 0, -0.999923, 0, 0.0124438, 3.57305, 0.00499988, 7.75806)

[node name="SM_Env_Grass_Tall_Clump_79" parent="Grass" instance=ExtResource("17_u3un0")]
transform = Transform3D(0.0124438, 0, 0.999923, 0, 1, 0, -0.999923, 0, 0.0124438, 3.27665, 0.00499988, 8.38766)

[node name="SM_Env_Grass_Tall_Clump_80" parent="Grass" instance=ExtResource("16_mm6kr")]
transform = Transform3D(0.0124438, 0, 0.999923, 0, 1, 0, -0.999923, 0, 0.0124438, 4.54071, 0.00499988, 13.6221)

[node name="SM_Env_Grass_Tall_Clump_81" parent="Grass" instance=ExtResource("16_mm6kr")]
transform = Transform3D(0.0124438, 0, 0.999923, 0, 1, 0, -0.999923, 0, 0.0124438, 2.56102, 0.00499988, 8.38501)

[node name="SM_Env_Grass_Tall_Clump_82" parent="Grass" instance=ExtResource("17_u3un0")]
transform = Transform3D(0.0124438, 0, 0.999923, 0, 1, 0, -0.999923, 0, 0.0124438, 5.93186, 0.00499988, 12.6028)

[node name="SM_Env_Grass_Tall_Clump_83" parent="Grass" instance=ExtResource("17_u3un0")]
transform = Transform3D(0.0124438, 0, 0.999923, 0, 1, 0, -0.999923, 0, 0.0124438, 2.78639, 0.00499988, 7.6293)

[node name="SM_Env_Grass_Tall_Clump_84" parent="Grass" instance=ExtResource("17_u3un0")]
transform = Transform3D(0.0124438, 0, 0.999923, 0, 1, 0, -0.999923, 0, 0.0124438, 2.34463, 0.00499988, 10.5239)

[node name="SM_Env_Grass_Tall_Clump_85" parent="Grass" instance=ExtResource("15_ktsfq")]
transform = Transform3D(0.839686, 0, -0.543072, 0, 1, 0, 0.543072, 0, 0.839686, 2.91277, 0.00500011, 7.57875)

[node name="SM_Env_Grass_Tall_Clump_86" parent="Grass" instance=ExtResource("15_ktsfq")]
transform = Transform3D(0.839686, 0, -0.543072, 0, 1, 0, 0.543072, 0, 0.839686, 1.03759, 0.00499964, 7.02721)

[node name="SM_Env_Grass_Tall_Clump_87" parent="Grass" instance=ExtResource("15_ktsfq")]
transform = Transform3D(0.839686, 0, -0.543072, 0, 1, 0, 0.543072, 0, 0.839686, 2.23972, 0.00500011, 6.78201)

[node name="SM_Env_Grass_Tall_Clump_88" parent="Grass" instance=ExtResource("15_ktsfq")]
transform = Transform3D(0.839686, 0, -0.543072, 0, 1, 0, 0.543072, 0, 0.839686, 1.66588, 0.00500011, 7.9748)

[node name="SM_Env_Grass_Tall_Clump_89" parent="Grass" instance=ExtResource("15_ktsfq")]
transform = Transform3D(0.839686, 0, -0.543072, 0, 1, 0, 0.543072, 0, 0.839686, 1.30725, 0.00500011, 5.90678)

[node name="SM_Env_Grass_Tall_Clump_90" parent="Grass" instance=ExtResource("15_ktsfq")]
transform = Transform3D(0.839686, 0, -0.543072, 0, 1, 0, 0.543072, 0, 0.839686, 2.60213, 0.00500011, 5.78965)

[node name="SM_Env_Grass_Tall_Clump_91" parent="Grass" instance=ExtResource("15_ktsfq")]
transform = Transform3D(0.839686, 0, -0.543072, 0, 1, 0, 0.543072, 0, 0.839686, 3.54868, 0.00500011, 6.66289)

[node name="SM_Env_Grass_Tall_Clump_92" parent="Grass" instance=ExtResource("15_ktsfq")]
transform = Transform3D(0.839686, 0, -0.543072, 0, 1, 0, 0.543072, 0, 0.839686, 2.6337, 0.00500011, 8.8867)

[node name="SM_Env_Grass_Tall_Clump_93" parent="Grass" instance=ExtResource("15_ktsfq")]
transform = Transform3D(0.839686, 0, -0.543072, 0, 1, 0, 0.543072, 0, 0.839686, -0.173338, 0.00500011, 6.22187)

[node name="SM_Env_Grass_Tall_Clump_94" parent="Grass" instance=ExtResource("15_ktsfq")]
transform = Transform3D(0.839686, 0, -0.543072, 0, 1, 0, 0.543072, 0, 0.839686, 0.298519, 0.00500011, 5.16799)

[node name="SM_Env_Grass_Tall_Clump_95" parent="Grass" instance=ExtResource("15_ktsfq")]
transform = Transform3D(0.839686, 0, -0.543072, 0, 1, 0, 0.543072, 0, 0.839686, 1.78606, 0.00500011, 4.8621)

[node name="SM_Env_Grass_Tall_Clump_96" parent="Grass" instance=ExtResource("16_mm6kr")]
transform = Transform3D(0.839686, 0, -0.543072, 0, 1, 0, 0.543072, 0, 0.839686, 3.5048, 0.00500011, 8.16786)

[node name="SM_Env_Grass_Tall_Clump_97" parent="Grass" instance=ExtResource("16_mm6kr")]
transform = Transform3D(0.839686, 0, -0.543072, 0, 1, 0, 0.543072, 0, 0.839686, 3.56623, 0.00500011, 5.76154)

[node name="SM_Env_Grass_Tall_Clump_98" parent="Grass" instance=ExtResource("17_u3un0")]
transform = Transform3D(0.839686, 0, -0.543072, 0, 1, 0, 0.543072, 0, 0.839686, 3.82525, 0.00500011, 7.63901)

[node name="SM_Env_Grass_Tall_Clump_99" parent="Grass" instance=ExtResource("17_u3un0")]
transform = Transform3D(0.839686, 0, -0.543072, 0, 1, 0, 0.543072, 0, 0.839686, 2.50396, 0.00500011, 6.18104)

[node name="SM_Env_Grass_Tall_Clump_100" parent="Grass" instance=ExtResource("17_u3un0")]
transform = Transform3D(0.839686, 0, -0.543072, 0, 1, 0, 0.543072, 0, 0.839686, 1.99519, 0.00500011, 7.11436)

[node name="SM_Env_Grass_Tall_Clump_101" parent="Grass" instance=ExtResource("17_u3un0")]
transform = Transform3D(0.839686, 0, -0.543072, 0, 1, 0, 0.543072, 0, 0.839686, 1.18648, 0.00500011, 6.26383)

[node name="SM_Env_Grass_Tall_Clump_102" parent="Grass" instance=ExtResource("16_mm6kr")]
transform = Transform3D(0.839686, 0, -0.543072, 0, 1, 0, 0.543072, 0, 0.839686, 0.545592, 0.00500011, 4.36856)

[node name="SM_Env_Grass_Tall_Clump_103" parent="Grass" instance=ExtResource("16_mm6kr")]
transform = Transform3D(0.839686, 0, -0.543072, 0, 1, 0, 0.543072, 0, 0.839686, 0.11968, 0.00500011, 7.71482)

[node name="SM_Env_Grass_Tall_Clump_104" parent="Grass" instance=ExtResource("15_ktsfq")]
transform = Transform3D(0.839686, 0, -0.543072, 0, 1, 0, 0.543072, 0, 0.839686, 3.77665, 0.00500011, 9.51259)

[node name="SM_Env_Grass_Tall_Clump_105" parent="Grass" instance=ExtResource("16_mm6kr")]
transform = Transform3D(0.839686, 0, -0.543072, 0, 1, 0, 0.543072, 0, 0.839686, 4.27564, 0.00500011, 8.5935)

[node name="SM_Env_Grass_Tall_Clump_106" parent="Grass" instance=ExtResource("15_ktsfq")]
transform = Transform3D(0.839686, 0, -0.543072, 0, 1, 0, 0.543072, 0, 0.839686, 4.62053, 0.00500011, 7.69059)

[node name="SM_Env_Grass_Tall_Clump_107" parent="Grass" instance=ExtResource("17_u3un0")]
transform = Transform3D(0.839686, 0, -0.543072, 0, 1, 0, 0.543072, 0, 0.839686, 4.24551, 0.00500011, 7.10441)

[node name="SM_Env_Grass_Tall_Clump_108" parent="Grass" instance=ExtResource("16_mm6kr")]
transform = Transform3D(0.839686, 0, -0.543072, 0, 1, 0, 0.543072, 0, 0.839686, -0.858044, 0.00500011, 5.38651)

[node name="SM_Env_Grass_Tall_Clump_109" parent="Grass" instance=ExtResource("16_mm6kr")]
transform = Transform3D(0.839686, 0, -0.543072, 0, 1, 0, 0.543072, 0, 0.839686, 4.62888, 0.00500011, 6.50013)

[node name="SM_Env_Grass_Tall_Clump_110" parent="Grass" instance=ExtResource("17_u3un0")]
transform = Transform3D(0.839686, 0, -0.543072, 0, 1, 0, 0.543072, 0, 0.839686, -0.73618, 0.00500011, 7.10684)

[node name="SM_Env_Grass_Tall_Clump_111" parent="Grass" instance=ExtResource("17_u3un0")]
transform = Transform3D(0.839686, 0, -0.543072, 0, 1, 0, 0.543072, 0, 0.839686, 5.14847, 0.00500011, 7.09335)

[node name="SM_Env_Grass_Tall_Clump_112" parent="Grass" instance=ExtResource("17_u3un0")]
transform = Transform3D(0.839686, 0, -0.543072, 0, 1, 0, 0.543072, 0, 0.839686, 2.93379, 0.00500011, 5.17783)

[node name="SM_Env_Grass_Tall_Clump_113" parent="Grass" instance=ExtResource("15_ktsfq")]
transform = Transform3D(-0.840254, 0, 0.542192, 0, 1, 0, -0.542192, 0, -0.840254, 3.29229, 0.00499988, 2.68377)

[node name="SM_Env_Grass_Tall_Clump_114" parent="Grass" instance=ExtResource("15_ktsfq")]
transform = Transform3D(-0.840254, 0, 0.542192, 0, 1, 0, -0.542192, 0, -0.840254, 5.16804, 0.0049994, 3.23334)

[node name="SM_Env_Grass_Tall_Clump_115" parent="Grass" instance=ExtResource("15_ktsfq")]
transform = Transform3D(-0.840254, 0, 0.542192, 0, 1, 0, -0.542192, 0, -0.840254, 3.96617, 0.00499988, 3.4798)

[node name="SM_Env_Grass_Tall_Clump_116" parent="Grass" instance=ExtResource("15_ktsfq")]
transform = Transform3D(-0.840254, 0, 0.542192, 0, 1, 0, -0.542192, 0, -0.840254, 4.53876, 0.00499988, 2.28641)

[node name="SM_Env_Grass_Tall_Clump_117" parent="Grass" instance=ExtResource("15_ktsfq")]
transform = Transform3D(-0.840254, 0, 0.542192, 0, 1, 0, -0.542192, 0, -0.840254, 4.89956, 0.00499988, 4.35405)

[node name="SM_Env_Grass_Tall_Clump_118" parent="Grass" instance=ExtResource("15_ktsfq")]
transform = Transform3D(-0.840254, 0, 0.542192, 0, 1, 0, -0.542192, 0, -0.840254, 3.6048, 0.00499988, 4.47255)

[node name="SM_Env_Grass_Tall_Clump_119" parent="Grass" instance=ExtResource("15_ktsfq")]
transform = Transform3D(-0.840254, 0, 0.542192, 0, 1, 0, -0.542192, 0, -0.840254, 2.65734, 0.00499988, 3.60029)

[node name="SM_Env_Grass_Tall_Clump_120" parent="Grass" instance=ExtResource("15_ktsfq")]
transform = Transform3D(-0.840254, 0, 0.542192, 0, 1, 0, -0.542192, 0, -0.840254, 3.56998, 0.00499988, 1.37553)

[node name="SM_Env_Grass_Tall_Clump_121" parent="Grass" instance=ExtResource("15_ktsfq")]
transform = Transform3D(-0.840254, 0, 0.542192, 0, 1, 0, -0.542192, 0, -0.840254, 6.37982, 0.00499988, 4.03742)

[node name="SM_Env_Grass_Tall_Clump_122" parent="Grass" instance=ExtResource("15_ktsfq")]
transform = Transform3D(-0.840254, 0, 0.542192, 0, 1, 0, -0.542192, 0, -0.840254, 5.90906, 0.00499988, 5.09179)

[node name="SM_Env_Grass_Tall_Clump_123" parent="Grass" instance=ExtResource("15_ktsfq")]
transform = Transform3D(-0.840254, 0, 0.542192, 0, 1, 0, -0.542192, 0, -0.840254, 4.42184, 0.00499988, 5.39924)

[node name="SM_Env_Grass_Tall_Clump_124" parent="Grass" instance=ExtResource("16_mm6kr")]
transform = Transform3D(-0.840254, 0, 0.542192, 0, 1, 0, -0.542192, 0, -0.840254, 2.69965, 0.00499988, 2.09528)

[node name="SM_Env_Grass_Tall_Clump_125" parent="Grass" instance=ExtResource("16_mm6kr")]
transform = Transform3D(-0.840254, 0, 0.542192, 0, 1, 0, -0.542192, 0, -0.840254, 2.64073, 0.00499988, 4.50167)

[node name="SM_Env_Grass_Tall_Clump_126" parent="Grass" instance=ExtResource("17_u3un0")]
transform = Transform3D(-0.840254, 0, 0.542192, 0, 1, 0, -0.542192, 0, -0.840254, 2.37975, 0.00499988, 2.62447)

[node name="SM_Env_Grass_Tall_Clump_127" parent="Grass" instance=ExtResource("17_u3un0")]
transform = Transform3D(-0.840254, 0, 0.542192, 0, 1, 0, -0.542192, 0, -0.840254, 3.70256, 0.00499988, 4.08105)

[node name="SM_Env_Grass_Tall_Clump_128" parent="Grass" instance=ExtResource("17_u3un0")]
transform = Transform3D(-0.840254, 0, 0.542192, 0, 1, 0, -0.542192, 0, -0.840254, 4.21035, 0.00499988, 3.1472)

[node name="SM_Env_Grass_Tall_Clump_129" parent="Grass" instance=ExtResource("17_u3un0")]
transform = Transform3D(-0.840254, 0, 0.542192, 0, 1, 0, -0.542192, 0, -0.840254, 5.01995, 0.00499988, 3.99688)

[node name="SM_Env_Grass_Tall_Clump_130" parent="Grass" instance=ExtResource("16_mm6kr")]
transform = Transform3D(-0.840254, 0, 0.542192, 0, 1, 0, -0.542192, 0, -0.840254, 5.66283, 0.00499988, 5.89148)

[node name="SM_Env_Grass_Tall_Clump_131" parent="Grass" instance=ExtResource("16_mm6kr")]
transform = Transform3D(-0.840254, 0, 0.542192, 0, 1, 0, -0.542192, 0, -0.840254, 6.08523, 0.00499988, 2.54477)

[node name="SM_Env_Grass_Tall_Clump_132" parent="Grass" instance=ExtResource("15_ktsfq")]
transform = Transform3D(-0.840254, 0, 0.542192, 0, 1, 0, -0.542192, 0, -0.840254, 2.42638, 0.00499988, 0.750839)

[node name="SM_Env_Grass_Tall_Clump_133" parent="Grass" instance=ExtResource("16_mm6kr")]
transform = Transform3D(-0.840254, 0, 0.542192, 0, 1, 0, -0.542192, 0, -0.840254, 1.92836, 0.00499988, 1.67044)

[node name="SM_Env_Grass_Tall_Clump_134" parent="Grass" instance=ExtResource("15_ktsfq")]
transform = Transform3D(-0.840254, 0, 0.542192, 0, 1, 0, -0.542192, 0, -0.840254, 1.58441, 0.00499988, 2.57372)

[node name="SM_Env_Grass_Tall_Clump_135" parent="Grass" instance=ExtResource("17_u3un0")]
transform = Transform3D(-0.840254, 0, 0.542192, 0, 1, 0, -0.542192, 0, -0.840254, 1.96005, 0.00499988, 3.15951)

[node name="SM_Env_Grass_Tall_Clump_136" parent="Grass" instance=ExtResource("16_mm6kr")]
transform = Transform3D(-0.840254, 0, 0.542192, 0, 1, 0, -0.542192, 0, -0.840254, 7.0654, 0.00499988, 4.87206)

[node name="SM_Env_Grass_Tall_Clump_137" parent="Grass" instance=ExtResource("16_mm6kr")]
transform = Transform3D(-0.840254, 0, 0.542192, 0, 1, 0, -0.542192, 0, -0.840254, 1.57731, 0.00499988, 3.76419)

[node name="SM_Env_Grass_Tall_Clump_138" parent="Grass" instance=ExtResource("17_u3un0")]
transform = Transform3D(-0.840254, 0, 0.542192, 0, 1, 0, -0.542192, 0, -0.840254, 6.94173, 0.00499988, 3.15185)

[node name="SM_Env_Grass_Tall_Clump_139" parent="Grass" instance=ExtResource("17_u3un0")]
transform = Transform3D(-0.840254, 0, 0.542192, 0, 1, 0, -0.542192, 0, -0.840254, 1.0571, 0.00499988, 3.17152)

[node name="SM_Env_Grass_Tall_Clump_140" parent="Grass" instance=ExtResource("17_u3un0")]
transform = Transform3D(-0.840254, 0, 0.542192, 0, 1, 0, -0.542192, 0, -0.840254, 3.27379, 0.00499988, 5.08471)

[node name="SM_Env_Grass_Tall_Clump_141" parent="Grass" instance=ExtResource("15_ktsfq")]
transform = Transform3D(0.553479, 0, 0.832863, 0, 1, 0, -0.832863, 0, 0.553479, 0.44799, 0.00499988, 1.862)

[node name="SM_Env_Grass_Tall_Clump_142" parent="Grass" instance=ExtResource("15_ktsfq")]
transform = Transform3D(0.553479, 0, 0.832863, 0, 1, 0, -0.832863, 0, 0.553479, -0.12684, 0.0049994, 3.73016)

[node name="SM_Env_Grass_Tall_Clump_143" parent="Grass" instance=ExtResource("15_ktsfq")]
transform = Transform3D(0.553479, 0, 0.832863, 0, 1, 0, -0.832863, 0, 0.553479, -0.357061, 0.00499988, 2.52507)

[node name="SM_Env_Grass_Tall_Clump_144" parent="Grass" instance=ExtResource("15_ktsfq")]
transform = Transform3D(0.553479, 0, 0.832863, 0, 1, 0, -0.832863, 0, 0.553479, 0.828491, 0.00499988, 3.11371)

[node name="SM_Env_Grass_Tall_Clump_145" parent="Grass" instance=ExtResource("15_ktsfq")]
transform = Transform3D(0.553479, 0, 0.832863, 0, 1, 0, -0.832863, 0, 0.553479, -1.24383, 0.00499988, 3.44659)

[node name="SM_Env_Grass_Tall_Clump_146" parent="Grass" instance=ExtResource("15_ktsfq")]
transform = Transform3D(0.553479, 0, 0.832863, 0, 1, 0, -0.832863, 0, 0.553479, -1.34484, 0.00499988, 2.15035)

[node name="SM_Env_Grass_Tall_Clump_147" parent="Grass" instance=ExtResource("15_ktsfq")]
transform = Transform3D(0.553479, 0, 0.832863, 0, 1, 0, -0.832863, 0, 0.553479, -0.459884, 0.00499988, 1.21474)

[node name="SM_Env_Grass_Tall_Clump_148" parent="Grass" instance=ExtResource("15_ktsfq")]
transform = Transform3D(0.553479, 0, 0.832863, 0, 1, 0, -0.832863, 0, 0.553479, 1.75236, 0.00499988, 2.15732)

[node name="SM_Env_Grass_Tall_Clump_149" parent="Grass" instance=ExtResource("15_ktsfq")]
transform = Transform3D(0.553479, 0, 0.832863, 0, 1, 0, -0.832863, 0, 0.553479, -0.947192, 0.00499988, 4.93098)

[node name="SM_Env_Grass_Tall_Clump_150" parent="Grass" instance=ExtResource("15_ktsfq")]
transform = Transform3D(0.553479, 0, 0.832863, 0, 1, 0, -0.832863, 0, 0.553479, -1.99511, 0.00499988, 4.44604)

[node name="SM_Env_Grass_Tall_Clump_151" parent="Grass" instance=ExtResource("15_ktsfq")]
transform = Transform3D(0.553479, 0, 0.832863, 0, 1, 0, -0.832863, 0, 0.553479, -2.28247, 0.00499988, 2.95481)

[node name="SM_Env_Grass_Tall_Clump_152" parent="Grass" instance=ExtResource("16_mm6kr")]
transform = Transform3D(0.553479, 0, 0.832863, 0, 1, 0, -0.832863, 0, 0.553479, 1.04442, 0.00499988, 1.27735)

[node name="SM_Env_Grass_Tall_Clump_153" parent="Grass" instance=ExtResource("16_mm6kr")]
transform = Transform3D(0.553479, 0, 0.832863, 0, 1, 0, -0.832863, 0, 0.553479, -1.36095, 0.00499988, 1.18597)

[node name="SM_Env_Grass_Tall_Clump_154" parent="Grass" instance=ExtResource("17_u3un0")]
transform = Transform3D(0.553479, 0, 0.832863, 0, 1, 0, -0.832863, 0, 0.553479, 0.519595, 0.00499988, 0.950337)

[node name="SM_Env_Grass_Tall_Clump_155" parent="Grass" instance=ExtResource("17_u3un0")]
transform = Transform3D(0.553479, 0, 0.832863, 0, 1, 0, -0.832863, 0, 0.553479, -0.954701, 0.00499988, 2.25338)

[node name="SM_Env_Grass_Tall_Clump_156" parent="Grass" instance=ExtResource("17_u3un0")]
transform = Transform3D(0.553479, 0, 0.832863, 0, 1, 0, -0.832863, 0, 0.553479, -0.0277836, 0.00499988, 2.77372)

[node name="SM_Env_Grass_Tall_Clump_157" parent="Grass" instance=ExtResource("17_u3un0")]
transform = Transform3D(0.553479, 0, 0.832863, 0, 1, 0, -0.832863, 0, 0.553479, -0.888312, 0.00499988, 3.57178)

[node name="SM_Env_Grass_Tall_Clump_158" parent="Grass" instance=ExtResource("16_mm6kr")]
transform = Transform3D(0.553479, 0, 0.832863, 0, 1, 0, -0.832863, 0, 0.553479, -2.79141, 0.00499988, 4.18904)

[node name="SM_Env_Grass_Tall_Clump_159" parent="Grass" instance=ExtResource("16_mm6kr")]
transform = Transform3D(0.553479, 0, 0.832863, 0, 1, 0, -0.832863, 0, 0.553479, 0.549291, 0.00499988, 4.65656)

[node name="SM_Env_Grass_Tall_Clump_160" parent="Grass" instance=ExtResource("15_ktsfq")]
transform = Transform3D(0.553479, 0, 0.832863, 0, 1, 0, -0.832863, 0, 0.553479, 2.39243, 0.00499988, 1.02224)

[node name="SM_Env_Grass_Tall_Clump_161" parent="Grass" instance=ExtResource("16_mm6kr")]
transform = Transform3D(0.553479, 0, 0.832863, 0, 1, 0, -0.832863, 0, 0.553479, 1.47962, 0.00499988, 0.511861)

[node name="SM_Env_Grass_Tall_Clump_162" parent="Grass" instance=ExtResource("15_ktsfq")]
transform = Transform3D(0.553479, 0, 0.832863, 0, 1, 0, -0.832863, 0, 0.553479, 0.581072, 0.00499988, 0.155759)

[node name="SM_Env_Grass_Tall_Clump_163" parent="Grass" instance=ExtResource("17_u3un0")]
transform = Transform3D(0.553479, 0, 0.832863, 0, 1, 0, -0.832863, 0, 0.553479, -0.00973034, 0.00499988, 0.523458)

[node name="SM_Env_Grass_Tall_Clump_164" parent="Grass" instance=ExtResource("16_mm6kr")]
transform = Transform3D(0.553479, 0, 0.832863, 0, 1, 0, -0.832863, 0, 0.553479, -1.791, 0.00499988, 5.60524)

[node name="SM_Env_Grass_Tall_Clump_165" parent="Grass" instance=ExtResource("16_mm6kr")]
transform = Transform3D(0.553479, 0, 0.832863, 0, 1, 0, -0.832863, 0, 0.553479, -0.609195, 0.00499988, 0.132596)

[node name="SM_Env_Grass_Tall_Clump_166" parent="Grass" instance=ExtResource("17_u3un0")]
transform = Transform3D(0.553479, 0, 0.832863, 0, 1, 0, -0.832863, 0, 0.553479, -0.0692873, 0.00499988, 5.50479)

[node name="SM_Env_Grass_Tall_Clump_167" parent="Grass" instance=ExtResource("17_u3un0")]
