[gd_scene load_steps=30 format=3]

[ext_resource type="ArrayMesh" path="res://assets/PolygonDungeon/Models/FixedScale/Characters_mesh/Character_Ghost_01_4300040.mesh" id="1_gjypw"]
[ext_resource type="Material" path="res://assets/PolygonDungeon/Materials/Dungeon_Material_01.tres" id="2_wvx7h"]
[ext_resource type="ArrayMesh" path="res://assets/PolygonDungeon/Models/FixedScale/Characters_mesh/Character_Ghost_02_4300032.mesh" id="3_k006i"]
[ext_resource type="ArrayMesh" path="res://assets/PolygonDungeon/Models/FixedScale/Characters_mesh/Character_Goblin_Female_4300028.mesh" id="4_gc8o1"]
[ext_resource type="ArrayMesh" path="res://assets/PolygonDungeon/Models/FixedScale/Characters_mesh/Character_Goblin_Male_4300046.mesh" id="5_gxecb"]
[ext_resource type="ArrayMesh" path="res://assets/PolygonDungeon/Models/FixedScale/Characters_mesh/Character_Goblin_Shaman_4300038.mesh" id="6_wvx5h"]
[ext_resource type="ArrayMesh" path="res://assets/PolygonDungeon/Models/FixedScale/Characters_mesh/Character_Goblin_WarChief_4300052.mesh" id="7_b5lsu"]
[ext_resource type="ArrayMesh" path="res://assets/PolygonDungeon/Models/FixedScale/Characters_mesh/Character_Goblin_Warrior_Female_4300024.mesh" id="8_2407u"]
[ext_resource type="ArrayMesh" path="res://assets/PolygonDungeon/Models/FixedScale/Characters_mesh/Character_Goblin_Warrior_Male_4300034.mesh" id="9_443tv"]
[ext_resource type="ArrayMesh" path="res://assets/PolygonDungeon/Models/FixedScale/Characters_mesh/Character_Hero_Knight_Female_4300030.mesh" id="10_gn6h2"]
[ext_resource type="ArrayMesh" path="res://assets/PolygonDungeon/Models/FixedScale/Characters_mesh/Character_Hero_Knight_Male_4300048.mesh" id="11_ci76b"]
[ext_resource type="ArrayMesh" path="res://assets/PolygonDungeon/Models/FixedScale/Characters_mesh/Character_Rock_Golem_4300036.mesh" id="12_64wgq"]
[ext_resource type="ArrayMesh" path="res://assets/PolygonDungeon/Models/FixedScale/Characters_mesh/Character_Skeleton_Knight_4300026.mesh" id="13_83k8c"]
[ext_resource type="ArrayMesh" path="res://assets/PolygonDungeon/Models/FixedScale/Characters_mesh/Character_Skeleton_Slave_01_4300050.mesh" id="14_q1fdg"]
[ext_resource type="ArrayMesh" path="res://assets/PolygonDungeon/Models/FixedScale/Characters_mesh/Character_Skeleton_Soldier_01_4300054.mesh" id="15_ph6j3"]
[ext_resource type="ArrayMesh" path="res://assets/PolygonDungeon/Models/FixedScale/Characters_mesh/Character_Skeleton_Soldier_02_4300044.mesh" id="16_todq3"]
[ext_resource type="ArrayMesh" path="res://assets/PolygonDungeon/Models/FixedScale/Characters_mesh/Character_Tormented_Soul_4300042.mesh" id="17_ekifd"]
[ext_resource type="ArrayMesh" path="res://assets/PolygonDungeon/Models/FixedScale/Characters_mesh/SM_Item_Bag_Large_4300022.mesh" id="18_pcwc3"]
[ext_resource type="ArrayMesh" path="res://assets/PolygonDungeon/Models/FixedScale/Characters_mesh/SM_Item_Bags_4300014.mesh" id="19_sjt5d"]
[ext_resource type="ArrayMesh" path="res://assets/PolygonDungeon/Models/FixedScale/Characters_mesh/SM_Item_Bones_4300020.mesh" id="20_ms5el"]
[ext_resource type="ArrayMesh" path="res://assets/PolygonDungeon/Models/FixedScale/Characters_mesh/SM_Item_Horn_4300018.mesh" id="21_p0vnv"]
[ext_resource type="ArrayMesh" path="res://assets/PolygonDungeon/Models/FixedScale/Characters_mesh/SM_Item_Shrooms_4300016.mesh" id="22_b0717"]
[ext_resource type="ArrayMesh" path="res://assets/PolygonDungeon/Models/FixedScale/Characters_mesh/SM_Item_Shrunken_Head_4300012.mesh" id="23_4jofh"]
[ext_resource type="ArrayMesh" path="res://assets/PolygonDungeon/Models/FixedScale/Characters_mesh/SM_Item_Goblin_WarBanner_4300006.mesh" id="24_0nb6y"]
[ext_resource type="ArrayMesh" path="res://assets/PolygonDungeon/Models/FixedScale/Characters_mesh/SM_Item_Shield_4300010.mesh" id="25_8tbpw"]
[ext_resource type="ArrayMesh" path="res://assets/PolygonDungeon/Models/FixedScale/Characters_mesh/SM_Item_Sword_4300008.mesh" id="26_km0g4"]
[ext_resource type="ArrayMesh" path="res://assets/PolygonDungeon/Models/FixedScale/Characters_mesh/SM_Item_Goblin_Hair_4300000.mesh" id="27_pkl1b"]
[ext_resource type="ArrayMesh" path="res://assets/PolygonDungeon/Models/FixedScale/Characters_mesh/SM_Item_Mask_01_4300002.mesh" id="28_hmdq4"]
[ext_resource type="ArrayMesh" path="res://assets/PolygonDungeon/Models/FixedScale/Characters_mesh/SM_Item_Mask_02_4300004.mesh" id="29_s2ia0"]

[node name="Character_Goblin_WarChief_FixedScale" type="Node3D"]
metadata/ufile_ids = ["9877270705d01b540aeaa38895b9f95b:4041436395057980", "9877270705d01b540aeaa38895b9f95b:1283291039809076", "9877270705d01b540aeaa38895b9f95b:95137901721683994"]

[node name="Character_Ghost_01" type="Node3D" parent="."]
visible = false
metadata/ufile_ids = ["9877270705d01b540aeaa38895b9f95b:4578223460603788", "9877270705d01b540aeaa38895b9f95b:1282045906186184", "9877270705d01b540aeaa38895b9f95b:137209450818932736"]

[node name="_mesh" type="MeshInstance3D" parent="Character_Ghost_01"]
mesh = ExtResource("1_gjypw")
surface_material_override/0 = ExtResource("2_wvx7h")

[node name="Character_Ghost_02" type="Node3D" parent="."]
visible = false
metadata/ufile_ids = ["9877270705d01b540aeaa38895b9f95b:4853235691524712", "9877270705d01b540aeaa38895b9f95b:1687034376212094", "9877270705d01b540aeaa38895b9f95b:137631262363112476"]

[node name="_mesh" type="MeshInstance3D" parent="Character_Ghost_02"]
mesh = ExtResource("3_k006i")
surface_material_override/0 = ExtResource("2_wvx7h")

[node name="Character_Goblin_Female" type="Node3D" parent="."]
visible = false
metadata/ufile_ids = ["9877270705d01b540aeaa38895b9f95b:4310343331004484", "9877270705d01b540aeaa38895b9f95b:1754791947416060", "9877270705d01b540aeaa38895b9f95b:137151004959024368"]

[node name="_mesh" type="MeshInstance3D" parent="Character_Goblin_Female"]
mesh = ExtResource("4_gc8o1")
surface_material_override/0 = ExtResource("2_wvx7h")

[node name="Character_Goblin_Male" type="Node3D" parent="."]
visible = false
metadata/ufile_ids = ["9877270705d01b540aeaa38895b9f95b:4962775872853552", "9877270705d01b540aeaa38895b9f95b:1044766984805418", "9877270705d01b540aeaa38895b9f95b:137755830904328524"]

[node name="_mesh" type="MeshInstance3D" parent="Character_Goblin_Male"]
mesh = ExtResource("5_gxecb")
surface_material_override/0 = ExtResource("2_wvx7h")

[node name="Character_Goblin_Shaman" type="Node3D" parent="."]
visible = false
metadata/ufile_ids = ["9877270705d01b540aeaa38895b9f95b:4104666119659158", "9877270705d01b540aeaa38895b9f95b:1991998682895990", "9877270705d01b540aeaa38895b9f95b:137760089728305882"]

[node name="_mesh" type="MeshInstance3D" parent="Character_Goblin_Shaman"]
mesh = ExtResource("6_wvx5h")
surface_material_override/0 = ExtResource("2_wvx7h")

[node name="Character_Goblin_WarChief" type="Node3D" parent="."]
metadata/ufile_ids = ["9877270705d01b540aeaa38895b9f95b:4390098172786824", "9877270705d01b540aeaa38895b9f95b:1227933296205532", "9877270705d01b540aeaa38895b9f95b:137284447440437144"]

[node name="_mesh" type="MeshInstance3D" parent="Character_Goblin_WarChief"]
mesh = ExtResource("7_b5lsu")
surface_material_override/0 = ExtResource("2_wvx7h")

[node name="Character_Goblin_Warrior_Female" type="Node3D" parent="."]
visible = false
metadata/ufile_ids = ["9877270705d01b540aeaa38895b9f95b:4139435360124364", "9877270705d01b540aeaa38895b9f95b:1073955520440602", "9877270705d01b540aeaa38895b9f95b:137391491706309646"]

[node name="_mesh" type="MeshInstance3D" parent="Character_Goblin_Warrior_Female"]
mesh = ExtResource("8_2407u")
surface_material_override/0 = ExtResource("2_wvx7h")

[node name="Character_Goblin_Warrior_Male" type="Node3D" parent="."]
visible = false
metadata/ufile_ids = ["9877270705d01b540aeaa38895b9f95b:4027326864089346", "9877270705d01b540aeaa38895b9f95b:1110112693890456", "9877270705d01b540aeaa38895b9f95b:137993366723601280"]

[node name="_mesh" type="MeshInstance3D" parent="Character_Goblin_Warrior_Male"]
mesh = ExtResource("9_443tv")
surface_material_override/0 = ExtResource("2_wvx7h")

[node name="Character_Hero_Knight_Female" type="Node3D" parent="."]
visible = false
metadata/ufile_ids = ["9877270705d01b540aeaa38895b9f95b:4417679733019288", "9877270705d01b540aeaa38895b9f95b:1296669621642208", "9877270705d01b540aeaa38895b9f95b:137022227920630794"]

[node name="_mesh" type="MeshInstance3D" parent="Character_Hero_Knight_Female"]
mesh = ExtResource("10_gn6h2")
surface_material_override/0 = ExtResource("2_wvx7h")

[node name="Character_Hero_Knight_Male" type="Node3D" parent="."]
visible = false
metadata/ufile_ids = ["9877270705d01b540aeaa38895b9f95b:4460412120019386", "9877270705d01b540aeaa38895b9f95b:1715850356098482", "9877270705d01b540aeaa38895b9f95b:137320241670834540"]

[node name="_mesh" type="MeshInstance3D" parent="Character_Hero_Knight_Male"]
mesh = ExtResource("11_ci76b")
surface_material_override/0 = ExtResource("2_wvx7h")

[node name="Character_Rock_Golem" type="Node3D" parent="."]
visible = false
metadata/ufile_ids = ["9877270705d01b540aeaa38895b9f95b:4364657592166274", "9877270705d01b540aeaa38895b9f95b:1810815303542536", "9877270705d01b540aeaa38895b9f95b:137113406640873398"]

[node name="_mesh" type="MeshInstance3D" parent="Character_Rock_Golem"]
mesh = ExtResource("12_64wgq")
surface_material_override/0 = ExtResource("2_wvx7h")

[node name="Character_Skeleton_Knight" type="Node3D" parent="."]
visible = false
metadata/ufile_ids = ["9877270705d01b540aeaa38895b9f95b:4401753172333166", "9877270705d01b540aeaa38895b9f95b:1066888425214704", "9877270705d01b540aeaa38895b9f95b:137711642375874484"]

[node name="_mesh" type="MeshInstance3D" parent="Character_Skeleton_Knight"]
mesh = ExtResource("13_83k8c")
surface_material_override/0 = ExtResource("2_wvx7h")

[node name="Character_Skeleton_Slave_01" type="Node3D" parent="."]
visible = false
metadata/ufile_ids = ["9877270705d01b540aeaa38895b9f95b:4520092629543802", "9877270705d01b540aeaa38895b9f95b:1863838566939430", "9877270705d01b540aeaa38895b9f95b:137843930253815158"]

[node name="_mesh" type="MeshInstance3D" parent="Character_Skeleton_Slave_01"]
mesh = ExtResource("14_q1fdg")
surface_material_override/0 = ExtResource("2_wvx7h")

[node name="Character_Skeleton_Soldier_01" type="Node3D" parent="."]
visible = false
metadata/ufile_ids = ["9877270705d01b540aeaa38895b9f95b:4075575625308552", "9877270705d01b540aeaa38895b9f95b:1808897599427432", "9877270705d01b540aeaa38895b9f95b:137248047932924392"]

[node name="_mesh" type="MeshInstance3D" parent="Character_Skeleton_Soldier_01"]
mesh = ExtResource("15_ph6j3")
surface_material_override/0 = ExtResource("2_wvx7h")

[node name="Character_Skeleton_Soldier_02" type="Node3D" parent="."]
visible = false
metadata/ufile_ids = ["9877270705d01b540aeaa38895b9f95b:4754961911563236", "9877270705d01b540aeaa38895b9f95b:1478620253785312", "9877270705d01b540aeaa38895b9f95b:137911115847275516"]

[node name="_mesh" type="MeshInstance3D" parent="Character_Skeleton_Soldier_02"]
mesh = ExtResource("16_todq3")
surface_material_override/0 = ExtResource("2_wvx7h")

[node name="Character_Tormented_Soul" type="Node3D" parent="."]
visible = false
metadata/ufile_ids = ["9877270705d01b540aeaa38895b9f95b:4912936312474552", "9877270705d01b540aeaa38895b9f95b:1348782231371140", "9877270705d01b540aeaa38895b9f95b:137334906319543504"]

[node name="_mesh" type="MeshInstance3D" parent="Character_Tormented_Soul"]
mesh = ExtResource("17_ekifd")
surface_material_override/0 = ExtResource("2_wvx7h")

[node name="Root" type="Node3D" parent="."]
metadata/ufile_ids = ["9877270705d01b540aeaa38895b9f95b:4649995249577282", "9877270705d01b540aeaa38895b9f95b:1968103897207120"]

[node name="Hips" type="Node3D" parent="Root"]
transform = Transform3D(0, 0, 1, 0.988775, 0.149412, 0, -0.149412, 0.988775, 0, 0, 0.876276, 0)
metadata/ufile_ids = ["9877270705d01b540aeaa38895b9f95b:4565510997397744", "9877270705d01b540aeaa38895b9f95b:1973275964081230"]

[node name="SM_Item_Bag_Large" type="Node3D" parent="Root/Hips"]
transform = Transform3D(0, 0.988775, -0.149412, 0, 0.149412, 0.988775, 1, 0, 0, 0.0734897, 0.0111049, -0.206229)
visible = false
metadata/ufile_ids = ["9877270705d01b540aeaa38895b9f95b:4847040595694062", "9877270705d01b540aeaa38895b9f95b:1512767859054000", "9877270705d01b540aeaa38895b9f95b:33020370098730454", "9877270705d01b540aeaa38895b9f95b:23969121427571052"]

[node name="_mesh" type="MeshInstance3D" parent="Root/Hips/SM_Item_Bag_Large"]
mesh = ExtResource("18_pcwc3")
surface_material_override/0 = ExtResource("2_wvx7h")

[node name="SM_Item_Bags" type="Node3D" parent="Root/Hips"]
transform = Transform3D(0, 0.988775, -0.149412, 0, 0.149412, 0.988775, 1, 0, 0, 0.0734897, 0.0111049, -0.206229)
visible = false
metadata/ufile_ids = ["9877270705d01b540aeaa38895b9f95b:4738631760574250", "9877270705d01b540aeaa38895b9f95b:1281836554788778", "9877270705d01b540aeaa38895b9f95b:33002065583556568", "9877270705d01b540aeaa38895b9f95b:23721048900963670"]

[node name="_mesh" type="MeshInstance3D" parent="Root/Hips/SM_Item_Bags"]
mesh = ExtResource("19_sjt5d")
surface_material_override/0 = ExtResource("2_wvx7h")

[node name="SM_Item_Bones" type="Node3D" parent="Root/Hips"]
transform = Transform3D(0, 0.988775, -0.149412, 0, 0.149412, 0.988775, 1, 0, 0, 0.0902181, 0.0136327, -0.187515)
visible = false
metadata/ufile_ids = ["9877270705d01b540aeaa38895b9f95b:4546803819552156", "9877270705d01b540aeaa38895b9f95b:1998414801309922", "9877270705d01b540aeaa38895b9f95b:33958735551910072", "9877270705d01b540aeaa38895b9f95b:23725102003615582"]

[node name="_mesh" type="MeshInstance3D" parent="Root/Hips/SM_Item_Bones"]
mesh = ExtResource("20_ms5el")
surface_material_override/0 = ExtResource("2_wvx7h")

[node name="SM_Item_Horn" type="Node3D" parent="Root/Hips"]
transform = Transform3D(0, 0.988775, -0.149412, 0, 0.149412, 0.988775, 1, 0, 0, 0.0795274, 0.0120172, 0.165818)
visible = false
metadata/ufile_ids = ["9877270705d01b540aeaa38895b9f95b:4047443360292254", "9877270705d01b540aeaa38895b9f95b:1270501092357820", "9877270705d01b540aeaa38895b9f95b:33649245411579132", "9877270705d01b540aeaa38895b9f95b:23447398014958468"]

[node name="_mesh" type="MeshInstance3D" parent="Root/Hips/SM_Item_Horn"]
mesh = ExtResource("21_p0vnv")
surface_material_override/0 = ExtResource("2_wvx7h")

[node name="SM_Item_Shrooms" type="Node3D" parent="Root/Hips"]
transform = Transform3D(0, 0.988775, -0.149412, 0, 0.149412, 0.988775, 1, 0, 0, 0.0617986, 0.00933827, 0.189238)
visible = false
metadata/ufile_ids = ["9877270705d01b540aeaa38895b9f95b:4657030105985218", "9877270705d01b540aeaa38895b9f95b:1244669926329320", "9877270705d01b540aeaa38895b9f95b:33008048540986004", "9877270705d01b540aeaa38895b9f95b:23294045308372712"]

[node name="_mesh" type="MeshInstance3D" parent="Root/Hips/SM_Item_Shrooms"]
mesh = ExtResource("22_b0717")
surface_material_override/0 = ExtResource("2_wvx7h")

[node name="SM_Item_Shrunken_Head" type="Node3D" parent="Root/Hips"]
transform = Transform3D(-0.122535, 0.939419, 0.32012, 0.991102, 0.0989298, 0.0890537, 0.0519893, 0.328184, -0.943182, 0.0656217, -0.00134331, -0.176248)
visible = false
metadata/ufile_ids = ["9877270705d01b540aeaa38895b9f95b:4289878928509288", "9877270705d01b540aeaa38895b9f95b:1779440987607148", "9877270705d01b540aeaa38895b9f95b:33286230915172690", "9877270705d01b540aeaa38895b9f95b:23946460019030464"]

[node name="_mesh" type="MeshInstance3D" parent="Root/Hips/SM_Item_Shrunken_Head"]
mesh = ExtResource("23_4jofh")
surface_material_override/0 = ExtResource("2_wvx7h")

[node name="Spine_01" type="Node3D" parent="Root/Hips"]
transform = Transform3D(0.980128, 0.198365, -2.61763e-15, 0.198365, -0.980128, -4.04826e-16, -2.64591e-15, -1.22465e-16, -1, 0.103933, 1.33227e-17, 4.61554e-17)
metadata/ufile_ids = ["9877270705d01b540aeaa38895b9f95b:4202243816076774", "9877270705d01b540aeaa38895b9f95b:1538327078175474"]

[node name="Spine_02" type="Node3D" parent="Root/Hips/Spine_01"]
transform = Transform3D(0.980791, 0.195062, 1.17531e-15, 0.195062, -0.980791, 3.58611e-16, 1.22268e-15, -1.22465e-16, -1, 0.181512, 1.55431e-17, -7.10107e-17)
metadata/ufile_ids = ["9877270705d01b540aeaa38895b9f95b:4064123185238168", "9877270705d01b540aeaa38895b9f95b:1375210256824402"]

[node name="SM_Item_Goblin_WarBanner" type="Node3D" parent="Root/Hips/Spine_01/Spine_02"]
transform = Transform3D(0, 0.989273, -0.14608, 0, 0.14608, 0.989273, 1, 0, 0, 0.100745, -0.137135, 3.42695e-15)
visible = false
metadata/ufile_ids = ["9877270705d01b540aeaa38895b9f95b:4446744098778870", "9877270705d01b540aeaa38895b9f95b:1828140093853330", "9877270705d01b540aeaa38895b9f95b:33785356475323946", "9877270705d01b540aeaa38895b9f95b:23512257386930582"]

[node name="_mesh" type="MeshInstance3D" parent="Root/Hips/Spine_01/Spine_02/SM_Item_Goblin_WarBanner"]
mesh = ExtResource("24_0nb6y")
surface_material_override/0 = ExtResource("2_wvx7h")

[node name="SM_Item_Shield" type="Node3D" parent="Root/Hips/Spine_01/Spine_02"]
transform = Transform3D(0, 0.989273, -0.14608, 0, 0.14608, 0.989273, 1, 0, 0, 0.194008, -0.0959115, 4.07389e-15)
visible = false
metadata/ufile_ids = ["9877270705d01b540aeaa38895b9f95b:4935124512163026", "9877270705d01b540aeaa38895b9f95b:1467645312222572", "9877270705d01b540aeaa38895b9f95b:33367646745731848", "9877270705d01b540aeaa38895b9f95b:23413833287288600"]

[node name="_mesh" type="MeshInstance3D" parent="Root/Hips/Spine_01/Spine_02/SM_Item_Shield"]
mesh = ExtResource("25_8tbpw")
surface_material_override/0 = ExtResource("2_wvx7h")

[node name="SM_Item_Sword" type="Node3D" parent="Root/Hips/Spine_01/Spine_02"]
transform = Transform3D(0, 0.989273, -0.14608, 0, 0.14608, 0.989273, 1, 0, 0, 0.169072, -0.120668, 3.97542e-15)
visible = false
metadata/ufile_ids = ["9877270705d01b540aeaa38895b9f95b:4276327108343420", "9877270705d01b540aeaa38895b9f95b:1670514978758130", "9877270705d01b540aeaa38895b9f95b:33584596149673124", "9877270705d01b540aeaa38895b9f95b:23644923842043708"]

[node name="_mesh" type="MeshInstance3D" parent="Root/Hips/Spine_01/Spine_02/SM_Item_Sword"]
mesh = ExtResource("26_km0g4")
surface_material_override/0 = ExtResource("2_wvx7h")

[node name="Spine_03" type="Node3D" parent="Root/Hips/Spine_01/Spine_02"]
transform = Transform3D(0.975318, 0.220805, 6.48372e-17, 0.220805, -0.975318, 1.40243e-16, 9.42032e-17, -1.22465e-16, -1, 0.179037, 2.22045e-17, 7.50973e-17)
metadata/ufile_ids = ["9877270705d01b540aeaa38895b9f95b:4694444582111576", "9877270705d01b540aeaa38895b9f95b:1592406832072462"]

[node name="Clavicle_L" type="Node3D" parent="Root/Hips/Spine_01/Spine_02/Spine_03"]
transform = Transform3D(-0.0486081, 0.996564, 0.0670689, 0.467129, 0.0820338, -0.880376, -0.882852, -0.0114635, -0.469511, 0.0580117, -0.0419145, -0.0744715)
metadata/ufile_ids = ["9877270705d01b540aeaa38895b9f95b:4795672428287262", "9877270705d01b540aeaa38895b9f95b:1687904976829488"]

[node name="Shoulder_L" type="Node3D" parent="Root/Hips/Spine_01/Spine_02/Spine_03/Clavicle_L"]
transform = Transform3D(0.885509, 0.0602784, -0.460696, -0.0710111, 0.997458, -0.00598189, 0.459164, 0.0380115, 0.887538, 0.131979, -4.85723e-19, -2.66454e-17)
metadata/ufile_ids = ["9877270705d01b540aeaa38895b9f95b:4848708803402376", "9877270705d01b540aeaa38895b9f95b:1839086755757066"]

[node name="Elbow_L" type="Node3D" parent="Root/Hips/Spine_01/Spine_02/Spine_03/Clavicle_L/Shoulder_L"]
transform = Transform3D(0.993276, -0.0825021, -0.081223, 0.0822276, 0.996591, -0.00672399, 0.0815009, -2.32831e-10, 0.996673, 0.339474, -0.00144907, -0.00143626)
metadata/ufile_ids = ["9877270705d01b540aeaa38895b9f95b:4169731383741594", "9877270705d01b540aeaa38895b9f95b:1739584600873666"]

[node name="Hand_L" type="Node3D" parent="Root/Hips/Spine_01/Spine_02/Spine_03/Clavicle_L/Shoulder_L/Elbow_L"]
transform = Transform3D(0.997432, 3.33198e-15, 0.0716155, -3.33544e-15, 1, -7.12448e-17, -0.0716155, -1.67807e-16, 0.997432, 0.271145, 0, -0.000381364)
metadata/ufile_ids = ["9877270705d01b540aeaa38895b9f95b:4077635108898216", "9877270705d01b540aeaa38895b9f95b:1455106843603110"]

[node name="Finger_01" type="Node3D" parent="Root/Hips/Spine_01/Spine_02/Spine_03/Clavicle_L/Shoulder_L/Elbow_L/Hand_L"]
transform = Transform3D(0.98976, 0.11253, 0.0878153, -0.112967, 0.993599, 0, -0.0872532, -0.0099202, 0.996137, 0.0998253, -0.00115959, -0.0328334)
metadata/ufile_ids = ["9877270705d01b540aeaa38895b9f95b:4815241752745210", "9877270705d01b540aeaa38895b9f95b:1307139067699172"]

[node name="Finger_02" type="Node3D" parent="Root/Hips/Spine_01/Spine_02/Spine_03/Clavicle_L/Shoulder_L/Elbow_L/Hand_L/Finger_01"]
transform = Transform3D(0.998335, 0.042418, -0.0390799, -0.0426236, 0.999081, -0.00444316, 0.0388555, 0.00610149, 0.999226, 0.0424881, -1.05818e-17, -8.32667e-18)
metadata/ufile_ids = ["9877270705d01b540aeaa38895b9f95b:4904918483929458", "9877270705d01b540aeaa38895b9f95b:1225767618719620"]

[node name="Finger_03" type="Node3D" parent="Root/Hips/Spine_01/Spine_02/Spine_03/Clavicle_L/Shoulder_L/Elbow_L/Hand_L/Finger_01/Finger_02"]
transform = Transform3D(0.972665, 0.181128, 0.145312, -0.186317, 0.982225, 0.0228184, -0.138596, -0.0492687, 0.989123, 0.0351333, -3.00324e-16, 3.77476e-17)
metadata/ufile_ids = ["9877270705d01b540aeaa38895b9f95b:4220131384227354", "9877270705d01b540aeaa38895b9f95b:1721483383426964"]

[node name="Finger_04" type="Node3D" parent="Root/Hips/Spine_01/Spine_02/Spine_03/Clavicle_L/Shoulder_L/Elbow_L/Hand_L/Finger_01/Finger_02/Finger_03"]
transform = Transform3D(0.924156, -0.33495, -0.183697, 0.328523, 0.942236, -0.0653013, 0.194958, 0, 0.980812, 0.0300324, 2.12677e-16, -1.11022e-18)
metadata/ufile_ids = ["9877270705d01b540aeaa38895b9f95b:4466672557445708", "9877270705d01b540aeaa38895b9f95b:1441662039108788"]

[node name="IndexFinger_01" type="Node3D" parent="Root/Hips/Spine_01/Spine_02/Spine_03/Clavicle_L/Shoulder_L/Elbow_L/Hand_L"]
transform = Transform3D(0.991306, 0.00845244, -0.131305, -0.00852626, 0.999964, 0, 0.1313, 0.00111954, 0.991342, 0.103966, 0.00398715, 0.0267265)
metadata/ufile_ids = ["9877270705d01b540aeaa38895b9f95b:4879967103637156", "9877270705d01b540aeaa38895b9f95b:1290000270801924"]

[node name="IndexFinger_02" type="Node3D" parent="Root/Hips/Spine_01/Spine_02/Spine_03/Clavicle_L/Shoulder_L/Elbow_L/Hand_L/IndexFinger_01"]
transform = Transform3D(0.980432, 0.19567, 0.0216048, -0.19572, 0.98066, 0.000184215, -0.021151, -0.00440911, 0.999767, 0.0409363, -1.52764e-18, 2.44249e-17)
metadata/ufile_ids = ["9877270705d01b540aeaa38895b9f95b:4297178411175270", "9877270705d01b540aeaa38895b9f95b:1281344445275324"]

[node name="IndexFinger_03" type="Node3D" parent="Root/Hips/Spine_01/Spine_02/Spine_03/Clavicle_L/Shoulder_L/Elbow_L/Hand_L/IndexFinger_01/IndexFinger_02"]
transform = Transform3D(0.992179, 0.113423, 0.0521209, -0.114134, 0.993406, 0.0108651, -0.0505449, -0.0167289, 0.998582, 0.0379119, -2.1462e-16, -3.83027e-17)
metadata/ufile_ids = ["9877270705d01b540aeaa38895b9f95b:4288163443901142", "9877270705d01b540aeaa38895b9f95b:1967042487809692"]

[node name="IndexFinger_04" type="Node3D" parent="Root/Hips/Spine_01/Spine_02/Spine_03/Clavicle_L/Shoulder_L/Elbow_L/Hand_L/IndexFinger_01/IndexFinger_02/IndexFinger_03"]
transform = Transform3D(0.947822, -0.314209, 0.0539051, 0.313702, 0.949354, 0.017841, -0.0567808, 9.31323e-10, 0.998387, 0.0377979, -1.92841e-16, -9.99201e-18)
metadata/ufile_ids = ["9877270705d01b540aeaa38895b9f95b:4299987591418640", "9877270705d01b540aeaa38895b9f95b:1373355562331392"]

[node name="Thumb_01" type="Node3D" parent="Root/Hips/Spine_01/Spine_02/Spine_03/Clavicle_L/Shoulder_L/Elbow_L/Hand_L"]
transform = Transform3D(0.831214, 0.154317, -0.534106, -0.182534, 0.9832, 1.11759e-08, 0.525132, 0.0974924, 0.845418, 0.0351405, -0.0117069, 0.0450554)
metadata/ufile_ids = ["9877270705d01b540aeaa38895b9f95b:4406854479052906", "9877270705d01b540aeaa38895b9f95b:1825708453972998"]

[node name="Thumb_02" type="Node3D" parent="Root/Hips/Spine_01/Spine_02/Spine_03/Clavicle_L/Shoulder_L/Elbow_L/Hand_L/Thumb_01"]
transform = Transform3D(0.932106, 0.268778, 0.242769, -0.287605, 0.956688, 0.0450708, -0.22014, -0.111832, 0.969037, 0.0637021, -6.10623e-18, 4.44089e-18)
metadata/ufile_ids = ["9877270705d01b540aeaa38895b9f95b:4077108643404604", "9877270705d01b540aeaa38895b9f95b:1374650179566280"]

[node name="Thumb_03" type="Node3D" parent="Root/Hips/Spine_01/Spine_02/Spine_03/Clavicle_L/Shoulder_L/Elbow_L/Hand_L/Thumb_01/Thumb_02"]
transform = Transform3D(0.847975, -0.452915, 0.27533, 0.430776, 0.891554, 0.139869, -0.30882, 0, 0.951121, 0.0566557, 2.91156e-16, 3.9968e-17)
metadata/ufile_ids = ["9877270705d01b540aeaa38895b9f95b:4034562405573988", "9877270705d01b540aeaa38895b9f95b:1633589341936018"]

[node name="Clavicle_R" type="Node3D" parent="Root/Hips/Spine_01/Spine_02/Spine_03"]
transform = Transform3D(0.0486079, -0.996564, -0.0670688, -0.467129, -0.0820339, 0.880376, -0.882852, -0.0114635, -0.469511, 0.0580153, -0.0419142, 0.0744715)
metadata/ufile_ids = ["9877270705d01b540aeaa38895b9f95b:4605428586695808", "9877270705d01b540aeaa38895b9f95b:1874191117832746"]

[node name="Shoulder_R" type="Node3D" parent="Root/Hips/Spine_01/Spine_02/Spine_03/Clavicle_R"]
transform = Transform3D(0.885509, 0.0602784, -0.460696, -0.0710111, 0.997458, -0.00598189, 0.459164, 0.0380115, 0.887538, -0.131979, 6.47339e-06, 4.73534e-08)
metadata/ufile_ids = ["9877270705d01b540aeaa38895b9f95b:4835650195638914", "9877270705d01b540aeaa38895b9f95b:1893873018950286"]

[node name="Elbow_R" type="Node3D" parent="Root/Hips/Spine_01/Spine_02/Spine_03/Clavicle_R/Shoulder_R"]
transform = Transform3D(0.993276, -0.0825021, -0.081223, 0.0822276, 0.996591, -0.00672399, 0.0815009, -2.32831e-10, 0.996673, -0.339475, 0.00144759, 0.00143626)
metadata/ufile_ids = ["9877270705d01b540aeaa38895b9f95b:4445318766896452", "9877270705d01b540aeaa38895b9f95b:1894969976363432"]

[node name="Hand_R" type="Node3D" parent="Root/Hips/Spine_01/Spine_02/Spine_03/Clavicle_R/Shoulder_R/Elbow_R"]
transform = Transform3D(0.997432, -2.35026e-15, 0.0716155, 2.33581e-15, 1, 2.85541e-16, -0.0716155, -1.17528e-16, 0.997432, -0.271145, -2.84217e-16, 0.000381361)
metadata/ufile_ids = ["9877270705d01b540aeaa38895b9f95b:4760297846129222", "9877270705d01b540aeaa38895b9f95b:1767716030236510"]

[node name="Finger_01 1" type="Node3D" parent="Root/Hips/Spine_01/Spine_02/Spine_03/Clavicle_R/Shoulder_R/Elbow_R/Hand_R"]
transform = Transform3D(0.98976, 0.11253, 0.0878153, -0.112967, 0.993599, 0, -0.0872532, -0.0099202, 0.996137, -0.099825, 0.00116, 0.0328334)
metadata/ufile_ids = ["9877270705d01b540aeaa38895b9f95b:4115258712176374", "9877270705d01b540aeaa38895b9f95b:1941867288555978"]

[node name="Finger_02 1" type="Node3D" parent="Root/Hips/Spine_01/Spine_02/Spine_03/Clavicle_R/Shoulder_R/Elbow_R/Hand_R/Finger_01 1"]
transform = Transform3D(0.998335, 0.042418, -0.0390799, -0.0426236, 0.999081, -0.00444316, 0.0388555, 0.00610149, 0.999226, -0.0424881, 2.65344e-07, -1.97899e-08)
metadata/ufile_ids = ["9877270705d01b540aeaa38895b9f95b:4866715018117858", "9877270705d01b540aeaa38895b9f95b:1125460906986786"]

[node name="Finger_03 1" type="Node3D" parent="Root/Hips/Spine_01/Spine_02/Spine_03/Clavicle_R/Shoulder_R/Elbow_R/Hand_R/Finger_01 1/Finger_02 1"]
transform = Transform3D(0.972665, 0.181128, 0.145312, -0.186317, 0.982225, 0.0228184, -0.138596, -0.0492687, 0.989123, -0.0351332, -1.99785e-07, 1.48536e-08)
metadata/ufile_ids = ["9877270705d01b540aeaa38895b9f95b:4190064345755418", "9877270705d01b540aeaa38895b9f95b:1650750315105764"]

[node name="Finger_04 1" type="Node3D" parent="Root/Hips/Spine_01/Spine_02/Spine_03/Clavicle_R/Shoulder_R/Elbow_R/Hand_R/Finger_01 1/Finger_02 1/Finger_03 1"]
transform = Transform3D(0.924156, -0.33495, -0.183697, 0.328523, 0.942236, -0.0653013, 0.194958, 0, 0.980812, -0.0300311, 1.13347e-06, 3.5911e-07)
metadata/ufile_ids = ["9877270705d01b540aeaa38895b9f95b:4880959713455100", "9877270705d01b540aeaa38895b9f95b:1360400925067912"]

[node name="IndexFinger_01 1" type="Node3D" parent="Root/Hips/Spine_01/Spine_02/Spine_03/Clavicle_R/Shoulder_R/Elbow_R/Hand_R"]
transform = Transform3D(0.991306, 0.00845244, -0.131305, -0.00852626, 0.999964, 0, 0.1313, 0.00111954, 0.991342, -0.103966, -0.00399, -0.0267265)
metadata/ufile_ids = ["9877270705d01b540aeaa38895b9f95b:4229392923891190", "9877270705d01b540aeaa38895b9f95b:1075804544190850"]

[node name="IndexFinger_02 1" type="Node3D" parent="Root/Hips/Spine_01/Spine_02/Spine_03/Clavicle_R/Shoulder_R/Elbow_R/Hand_R/IndexFinger_01 1"]
transform = Transform3D(0.980432, 0.19567, 0.0216048, -0.19572, 0.98066, 0.000184215, -0.021151, -0.00440911, 0.999767, -0.0409359, 9.69869e-07, -4.95675e-08)
metadata/ufile_ids = ["9877270705d01b540aeaa38895b9f95b:4459508946172842", "9877270705d01b540aeaa38895b9f95b:1970926765006028"]

[node name="IndexFinger_03 1" type="Node3D" parent="Root/Hips/Spine_01/Spine_02/Spine_03/Clavicle_R/Shoulder_R/Elbow_R/Hand_R/IndexFinger_01 1/IndexFinger_02 1"]
transform = Transform3D(0.992179, 0.113423, 0.0521209, -0.114134, 0.993406, 0.0108651, -0.0505449, -0.0167289, 0.998582, -0.0379121, 3.24998e-06, -4.54529e-08)
metadata/ufile_ids = ["9877270705d01b540aeaa38895b9f95b:4900687477988172", "9877270705d01b540aeaa38895b9f95b:1007290048345750"]

[node name="IndexFinger_04 1" type="Node3D" parent="Root/Hips/Spine_01/Spine_02/Spine_03/Clavicle_R/Shoulder_R/Elbow_R/Hand_R/IndexFinger_01 1/IndexFinger_02 1/IndexFinger_03 1"]
transform = Transform3D(0.947822, -0.314209, 0.0539051, 0.313702, 0.949354, 0.017841, -0.0567808, 9.31323e-10, 0.998387, -0.0377933, -5.26571e-06, -1.55074e-07)
metadata/ufile_ids = ["9877270705d01b540aeaa38895b9f95b:4852295284838230", "9877270705d01b540aeaa38895b9f95b:1303751823895220"]

[node name="Thumb_01 1" type="Node3D" parent="Root/Hips/Spine_01/Spine_02/Spine_03/Clavicle_R/Shoulder_R/Elbow_R/Hand_R"]
transform = Transform3D(0.831214, 0.154317, -0.534106, -0.182534, 0.9832, 1.11759e-08, 0.525132, 0.0974924, 0.845418, -0.03514, 0.01171, -0.0450554)
metadata/ufile_ids = ["9877270705d01b540aeaa38895b9f95b:4685814780629336", "9877270705d01b540aeaa38895b9f95b:1769101823278020"]

[node name="Thumb_02 1" type="Node3D" parent="Root/Hips/Spine_01/Spine_02/Spine_03/Clavicle_R/Shoulder_R/Elbow_R/Hand_R/Thumb_01 1"]
transform = Transform3D(0.932106, 0.268778, 0.242769, -0.287605, 0.956688, 0.0450708, -0.22014, -0.111832, 0.969037, -0.0637015, -7.81182e-06, 4.36381e-07)
metadata/ufile_ids = ["9877270705d01b540aeaa38895b9f95b:4458402453008064", "9877270705d01b540aeaa38895b9f95b:1209449368394988"]

[node name="Thumb_03 1" type="Node3D" parent="Root/Hips/Spine_01/Spine_02/Spine_03/Clavicle_R/Shoulder_R/Elbow_R/Hand_R/Thumb_01 1/Thumb_02 1"]
transform = Transform3D(0.847975, -0.452915, 0.27533, 0.430776, 0.891554, 0.139869, -0.30882, 0, 0.951121, -0.0566551, 9.8355e-08, -2.02795e-07)
metadata/ufile_ids = ["9877270705d01b540aeaa38895b9f95b:4767456883690146", "9877270705d01b540aeaa38895b9f95b:1347886349269716"]

[node name="Neck" type="Node3D" parent="Root/Hips/Spine_01/Spine_02/Spine_03"]
transform = Transform3D(0.996517, 0.083394, -2.58936e-15, -0.083394, 0.996517, 1.85358e-16, 2.5958e-15, 3.1225e-17, 1, 0.11189, -6.66134e-18, -4.62441e-17)
metadata/ufile_ids = ["9877270705d01b540aeaa38895b9f95b:4432977001646950", "9877270705d01b540aeaa38895b9f95b:1875679645798958"]

[node name="Head" type="Node3D" parent="Root/Hips/Spine_01/Spine_02/Spine_03/Neck"]
transform = Transform3D(0, 0.987303, 0.158851, 0, 0.158851, -0.987303, -1, 0, 0, 0.121644, -1.5099e-16, -5.05918e-17)
metadata/ufile_ids = ["9877270705d01b540aeaa38895b9f95b:4889748198179126", "9877270705d01b540aeaa38895b9f95b:1718263119846408"]

[node name="Eyebrows" type="Node3D" parent="Root/Hips/Spine_01/Spine_02/Spine_03/Neck/Head"]
transform = Transform3D(1, 0, 0, 0, 1, 0, 0, 0, 1, -2.52435e-31, 0.127669, 0.122722)
metadata/ufile_ids = ["9877270705d01b540aeaa38895b9f95b:4599266763465032", "9877270705d01b540aeaa38895b9f95b:1547035058584596"]

[node name="Eyes" type="Node3D" parent="Root/Hips/Spine_01/Spine_02/Spine_03/Neck/Head"]
transform = Transform3D(1, 0, 0, 0, 1, 0, 0, 0, 1, 2.05104e-31, 0.0944761, 0.122722)
metadata/ufile_ids = ["9877270705d01b540aeaa38895b9f95b:4727911458525588", "9877270705d01b540aeaa38895b9f95b:1291254571708348"]

[node name="SM_Item_Goblin_Hair" type="Node3D" parent="Root/Hips/Spine_01/Spine_02/Spine_03/Neck/Head"]
transform = Transform3D(1, 1.11999e-14, -8.30618e-15, -1.11999e-14, 1, -3.13721e-13, 8.30618e-15, 3.13721e-13, 1, -0.00482341, 0.184513, -0.116214)
visible = false
metadata/ufile_ids = ["9877270705d01b540aeaa38895b9f95b:4237011717631246", "9877270705d01b540aeaa38895b9f95b:1820751107342042", "9877270705d01b540aeaa38895b9f95b:33106417808987958", "9877270705d01b540aeaa38895b9f95b:23376122623823460"]

[node name="_mesh" type="MeshInstance3D" parent="Root/Hips/Spine_01/Spine_02/Spine_03/Neck/Head/SM_Item_Goblin_Hair"]
mesh = ExtResource("27_pkl1b")
surface_material_override/0 = ExtResource("2_wvx7h")

[node name="SM_Item_Mask_01" type="Node3D" parent="Root/Hips/Spine_01/Spine_02/Spine_03/Neck/Head"]
transform = Transform3D(1, 1.11999e-14, -8.30618e-15, -1.11999e-14, 1, -3.13721e-13, 8.30618e-15, 3.13721e-13, 1, -1.26528e-14, -1.56911, 0.00483958)
visible = false
metadata/ufile_ids = ["9877270705d01b540aeaa38895b9f95b:4090940117460432", "9877270705d01b540aeaa38895b9f95b:1263721636885722", "9877270705d01b540aeaa38895b9f95b:33062109756783666", "9877270705d01b540aeaa38895b9f95b:23759115172353562"]

[node name="_mesh" type="MeshInstance3D" parent="Root/Hips/Spine_01/Spine_02/Spine_03/Neck/Head/SM_Item_Mask_01"]
mesh = ExtResource("28_hmdq4")
surface_material_override/0 = ExtResource("2_wvx7h")

[node name="SM_Item_Mask_02" type="Node3D" parent="Root/Hips/Spine_01/Spine_02/Spine_03/Neck/Head"]
transform = Transform3D(1, 1.11999e-14, -8.30618e-15, -1.11999e-14, 1, -3.13721e-13, 8.30618e-15, 3.13721e-13, 1, -1.26528e-14, -1.56911, 0.00483958)
visible = false
metadata/ufile_ids = ["9877270705d01b540aeaa38895b9f95b:4198339543842492", "9877270705d01b540aeaa38895b9f95b:1983702174323166", "9877270705d01b540aeaa38895b9f95b:33577119536674648", "9877270705d01b540aeaa38895b9f95b:23848157685360158"]

[node name="_mesh" type="MeshInstance3D" parent="Root/Hips/Spine_01/Spine_02/Spine_03/Neck/Head/SM_Item_Mask_02"]
mesh = ExtResource("29_s2ia0")
surface_material_override/0 = ExtResource("2_wvx7h")

[node name="UpperLeg_L" type="Node3D" parent="Root/Hips"]
transform = Transform3D(0.988277, -0.0313848, -0.149412, 0.149337, -0.00474262, 0.988775, -0.0317411, -0.999496, -1.19209e-07, -0.0411578, -0.0269207, 0.0989671)
metadata/ufile_ids = ["9877270705d01b540aeaa38895b9f95b:4176073731004148", "9877270705d01b540aeaa38895b9f95b:1007517130124068"]

[node name="LowerLeg_L" type="Node3D" parent="Root/Hips/UpperLeg_L"]
transform = Transform3D(0.998758, -0.0387686, -0.031288, -0.0242844, 0.16951, -0.985229, 0.0434995, 0.984766, 0.168358, -0.399309, -3.80503e-07, 1.46549e-16)
metadata/ufile_ids = ["9877270705d01b540aeaa38895b9f95b:4247208386166882", "9877270705d01b540aeaa38895b9f95b:1153554903687088"]

[node name="Ankle_L" type="Node3D" parent="Root/Hips/UpperLeg_L/LowerLeg_L"]
transform = Transform3D(0.482309, -0.875969, 0.00742956, -0.864116, -0.474357, 0.168194, -0.143808, -0.0875415, -0.985726, -0.377123, 1.31695e-07, -8.41104e-07)
metadata/ufile_ids = ["9877270705d01b540aeaa38895b9f95b:4867296685100012", "9877270705d01b540aeaa38895b9f95b:1216046136625728"]

[node name="Ball_L" type="Node3D" parent="Root/Hips/UpperLeg_L/LowerLeg_L/Ankle_L"]
transform = Transform3D(0.854183, -0.519973, -7.5118e-15, 0.519973, 0.854183, -9.44708e-15, 1.13287e-14, 4.16361e-15, 1, -0.11284, -1.68496e-08, -7.10543e-17)
metadata/ufile_ids = ["9877270705d01b540aeaa38895b9f95b:4602016487643714", "9877270705d01b540aeaa38895b9f95b:1251037708548428"]

[node name="Toes_L" type="Node3D" parent="Root/Hips/UpperLeg_L/LowerLeg_L/Ankle_L/Ball_L"]
transform = Transform3D(0, -7.74325e-13, 1, 0, 1, 7.74325e-13, -1, 0, 0, -0.0729575, 2.66454e-17, 1.77636e-17)
metadata/ufile_ids = ["9877270705d01b540aeaa38895b9f95b:4011569744864324", "9877270705d01b540aeaa38895b9f95b:1255139573131690"]

[node name="UpperLeg_R" type="Node3D" parent="Root/Hips"]
transform = Transform3D(-0.988277, 0.0313848, 0.149412, -0.149337, 0.00474262, -0.988775, -0.0317411, -0.999496, 5.96046e-08, -0.0411577, -0.0269207, -0.0989671)
metadata/ufile_ids = ["9877270705d01b540aeaa38895b9f95b:4550032805934318", "9877270705d01b540aeaa38895b9f95b:1100255495657012"]

[node name="LowerLeg_R" type="Node3D" parent="Root/Hips/UpperLeg_R"]
transform = Transform3D(0.998758, -0.0387686, -0.031288, -0.0242844, 0.16951, -0.985229, 0.0434995, 0.984766, 0.168358, 0.399309, -6.88338e-17, -5.33421e-17)
metadata/ufile_ids = ["9877270705d01b540aeaa38895b9f95b:4630794873406254", "9877270705d01b540aeaa38895b9f95b:1731920349191584"]

[node name="Ankle_R" type="Node3D" parent="Root/Hips/UpperLeg_R/LowerLeg_R"]
transform = Transform3D(0.482309, -0.875969, 0.00742956, -0.864116, -0.474357, 0.168194, -0.143808, -0.0875415, -0.985726, 0.377124, -7.77156e-17, 1.68199e-16)
metadata/ufile_ids = ["9877270705d01b540aeaa38895b9f95b:4009297470060346", "9877270705d01b540aeaa38895b9f95b:1924692526403260"]

[node name="Ball_R" type="Node3D" parent="Root/Hips/UpperLeg_R/LowerLeg_R/Ankle_R"]
transform = Transform3D(0.854183, -0.519973, -2.65799e-15, 0.519973, 0.854183, 7.41842e-16, 1.88467e-15, -2.01575e-15, 1, 0.11284, -1.15463e-16, -2.11335e-17)
metadata/ufile_ids = ["9877270705d01b540aeaa38895b9f95b:4583445475104310", "9877270705d01b540aeaa38895b9f95b:1904190869329222"]

[node name="Toes_R" type="Node3D" parent="Root/Hips/UpperLeg_R/LowerLeg_R/Ankle_R/Ball_R"]
transform = Transform3D(0, 5.33341e-14, 1, 0, 1, -5.33341e-14, -1, 0, 0, 0.0729576, 2.04009e-18, 3.40871e-18)
metadata/ufile_ids = ["9877270705d01b540aeaa38895b9f95b:4040923685752456", "9877270705d01b540aeaa38895b9f95b:1521442283811442"]
