[gd_scene load_steps=30 format=3]

[ext_resource type="ArrayMesh" path="res://assets/PolygonDungeon/Models/FixedScale/Characters_mesh/Character_Ghost_01_4300040.mesh" id="1_7xe51"]
[ext_resource type="Material" path="res://assets/PolygonDungeon/Materials/Dungeon_Material_01.tres" id="2_oaya4"]
[ext_resource type="ArrayMesh" path="res://assets/PolygonDungeon/Models/FixedScale/Characters_mesh/Character_Ghost_02_4300032.mesh" id="3_ua0eq"]
[ext_resource type="ArrayMesh" path="res://assets/PolygonDungeon/Models/FixedScale/Characters_mesh/Character_Goblin_Female_4300028.mesh" id="4_1uiwb"]
[ext_resource type="ArrayMesh" path="res://assets/PolygonDungeon/Models/FixedScale/Characters_mesh/Character_Goblin_Male_4300046.mesh" id="5_k77yq"]
[ext_resource type="ArrayMesh" path="res://assets/PolygonDungeon/Models/FixedScale/Characters_mesh/Character_Goblin_Shaman_4300038.mesh" id="6_2yrfu"]
[ext_resource type="ArrayMesh" path="res://assets/PolygonDungeon/Models/FixedScale/Characters_mesh/Character_Goblin_WarChief_4300052.mesh" id="7_3o1fn"]
[ext_resource type="ArrayMesh" path="res://assets/PolygonDungeon/Models/FixedScale/Characters_mesh/Character_Goblin_Warrior_Female_4300024.mesh" id="8_iv12x"]
[ext_resource type="ArrayMesh" path="res://assets/PolygonDungeon/Models/FixedScale/Characters_mesh/Character_Goblin_Warrior_Male_4300034.mesh" id="9_ojf7i"]
[ext_resource type="ArrayMesh" path="res://assets/PolygonDungeon/Models/FixedScale/Characters_mesh/Character_Hero_Knight_Female_4300030.mesh" id="10_f0eov"]
[ext_resource type="ArrayMesh" path="res://assets/PolygonDungeon/Models/FixedScale/Characters_mesh/Character_Hero_Knight_Male_4300048.mesh" id="11_j4rpm"]
[ext_resource type="ArrayMesh" path="res://assets/PolygonDungeon/Models/FixedScale/Characters_mesh/Character_Rock_Golem_4300036.mesh" id="12_b4v7x"]
[ext_resource type="ArrayMesh" path="res://assets/PolygonDungeon/Models/FixedScale/Characters_mesh/Character_Skeleton_Knight_4300026.mesh" id="13_ayeoo"]
[ext_resource type="ArrayMesh" path="res://assets/PolygonDungeon/Models/FixedScale/Characters_mesh/Character_Skeleton_Slave_01_4300050.mesh" id="14_bcgpa"]
[ext_resource type="ArrayMesh" path="res://assets/PolygonDungeon/Models/FixedScale/Characters_mesh/Character_Skeleton_Soldier_01_4300054.mesh" id="15_nrjk4"]
[ext_resource type="ArrayMesh" path="res://assets/PolygonDungeon/Models/FixedScale/Characters_mesh/Character_Skeleton_Soldier_02_4300044.mesh" id="16_pbpmy"]
[ext_resource type="ArrayMesh" path="res://assets/PolygonDungeon/Models/FixedScale/Characters_mesh/Character_Tormented_Soul_4300042.mesh" id="17_yjryl"]
[ext_resource type="ArrayMesh" path="res://assets/PolygonDungeon/Models/FixedScale/Characters_mesh/SM_Item_Bag_Large_4300022.mesh" id="18_do588"]
[ext_resource type="ArrayMesh" path="res://assets/PolygonDungeon/Models/FixedScale/Characters_mesh/SM_Item_Bags_4300014.mesh" id="19_dtl5a"]
[ext_resource type="ArrayMesh" path="res://assets/PolygonDungeon/Models/FixedScale/Characters_mesh/SM_Item_Bones_4300020.mesh" id="20_le8u8"]
[ext_resource type="ArrayMesh" path="res://assets/PolygonDungeon/Models/FixedScale/Characters_mesh/SM_Item_Horn_4300018.mesh" id="21_k5p3i"]
[ext_resource type="ArrayMesh" path="res://assets/PolygonDungeon/Models/FixedScale/Characters_mesh/SM_Item_Shrooms_4300016.mesh" id="22_pyjyr"]
[ext_resource type="ArrayMesh" path="res://assets/PolygonDungeon/Models/FixedScale/Characters_mesh/SM_Item_Shrunken_Head_4300012.mesh" id="23_blggv"]
[ext_resource type="ArrayMesh" path="res://assets/PolygonDungeon/Models/FixedScale/Characters_mesh/SM_Item_Goblin_WarBanner_4300006.mesh" id="24_th6fo"]
[ext_resource type="ArrayMesh" path="res://assets/PolygonDungeon/Models/FixedScale/Characters_mesh/SM_Item_Shield_4300010.mesh" id="25_551ok"]
[ext_resource type="ArrayMesh" path="res://assets/PolygonDungeon/Models/FixedScale/Characters_mesh/SM_Item_Sword_4300008.mesh" id="26_hml0b"]
[ext_resource type="ArrayMesh" path="res://assets/PolygonDungeon/Models/FixedScale/Characters_mesh/SM_Item_Goblin_Hair_4300000.mesh" id="27_i4846"]
[ext_resource type="ArrayMesh" path="res://assets/PolygonDungeon/Models/FixedScale/Characters_mesh/SM_Item_Mask_01_4300002.mesh" id="28_4kv8o"]
[ext_resource type="ArrayMesh" path="res://assets/PolygonDungeon/Models/FixedScale/Characters_mesh/SM_Item_Mask_02_4300004.mesh" id="29_m2ato"]

[node name="Character_Skeleton_Slave_01_FixedScale" type="Node3D"]
metadata/ufile_ids = ["f3c9ecbe58652e1448eee0045d7036fe:4903271059022082", "f3c9ecbe58652e1448eee0045d7036fe:1698772203058814", "f3c9ecbe58652e1448eee0045d7036fe:95635682890057356"]

[node name="Character_Ghost_01" type="Node3D" parent="."]
visible = false
metadata/ufile_ids = ["f3c9ecbe58652e1448eee0045d7036fe:4006000838132800", "f3c9ecbe58652e1448eee0045d7036fe:1480800014599072", "f3c9ecbe58652e1448eee0045d7036fe:137964415756606584"]

[node name="_mesh" type="MeshInstance3D" parent="Character_Ghost_01"]
mesh = ExtResource("1_7xe51")
surface_material_override/0 = ExtResource("2_oaya4")

[node name="Character_Ghost_02" type="Node3D" parent="."]
visible = false
metadata/ufile_ids = ["f3c9ecbe58652e1448eee0045d7036fe:4766575263381394", "f3c9ecbe58652e1448eee0045d7036fe:1406701922886734", "f3c9ecbe58652e1448eee0045d7036fe:137308391921568942"]

[node name="_mesh" type="MeshInstance3D" parent="Character_Ghost_02"]
mesh = ExtResource("3_ua0eq")
surface_material_override/0 = ExtResource("2_oaya4")

[node name="Character_Goblin_Female" type="Node3D" parent="."]
visible = false
metadata/ufile_ids = ["f3c9ecbe58652e1448eee0045d7036fe:4702049728506540", "f3c9ecbe58652e1448eee0045d7036fe:1094069678195174", "f3c9ecbe58652e1448eee0045d7036fe:137497903914550686"]

[node name="_mesh" type="MeshInstance3D" parent="Character_Goblin_Female"]
mesh = ExtResource("4_1uiwb")
surface_material_override/0 = ExtResource("2_oaya4")

[node name="Character_Goblin_Male" type="Node3D" parent="."]
visible = false
metadata/ufile_ids = ["f3c9ecbe58652e1448eee0045d7036fe:4987949443631906", "f3c9ecbe58652e1448eee0045d7036fe:1033120974829330", "f3c9ecbe58652e1448eee0045d7036fe:137837589936663370"]

[node name="_mesh" type="MeshInstance3D" parent="Character_Goblin_Male"]
mesh = ExtResource("5_k77yq")
surface_material_override/0 = ExtResource("2_oaya4")

[node name="Character_Goblin_Shaman" type="Node3D" parent="."]
visible = false
metadata/ufile_ids = ["f3c9ecbe58652e1448eee0045d7036fe:4207282952458936", "f3c9ecbe58652e1448eee0045d7036fe:1466653536679002", "f3c9ecbe58652e1448eee0045d7036fe:137513588444369656"]

[node name="_mesh" type="MeshInstance3D" parent="Character_Goblin_Shaman"]
mesh = ExtResource("6_2yrfu")
surface_material_override/0 = ExtResource("2_oaya4")

[node name="Character_Goblin_WarChief" type="Node3D" parent="."]
visible = false
metadata/ufile_ids = ["f3c9ecbe58652e1448eee0045d7036fe:4736988451680562", "f3c9ecbe58652e1448eee0045d7036fe:1560523416738252", "f3c9ecbe58652e1448eee0045d7036fe:137956636589186084"]

[node name="_mesh" type="MeshInstance3D" parent="Character_Goblin_WarChief"]
mesh = ExtResource("7_3o1fn")
surface_material_override/0 = ExtResource("2_oaya4")

[node name="Character_Goblin_Warrior_Female" type="Node3D" parent="."]
visible = false
metadata/ufile_ids = ["f3c9ecbe58652e1448eee0045d7036fe:4383416367223176", "f3c9ecbe58652e1448eee0045d7036fe:1912619606158746", "f3c9ecbe58652e1448eee0045d7036fe:137715605472886722"]

[node name="_mesh" type="MeshInstance3D" parent="Character_Goblin_Warrior_Female"]
mesh = ExtResource("8_iv12x")
surface_material_override/0 = ExtResource("2_oaya4")

[node name="Character_Goblin_Warrior_Male" type="Node3D" parent="."]
visible = false
metadata/ufile_ids = ["f3c9ecbe58652e1448eee0045d7036fe:4218836717440896", "f3c9ecbe58652e1448eee0045d7036fe:1372221407289542", "f3c9ecbe58652e1448eee0045d7036fe:137155775679594210"]

[node name="_mesh" type="MeshInstance3D" parent="Character_Goblin_Warrior_Male"]
mesh = ExtResource("9_ojf7i")
surface_material_override/0 = ExtResource("2_oaya4")

[node name="Character_Hero_Knight_Female" type="Node3D" parent="."]
visible = false
metadata/ufile_ids = ["f3c9ecbe58652e1448eee0045d7036fe:4327790438986464", "f3c9ecbe58652e1448eee0045d7036fe:1838268382088284", "f3c9ecbe58652e1448eee0045d7036fe:137827800134760306"]

[node name="_mesh" type="MeshInstance3D" parent="Character_Hero_Knight_Female"]
mesh = ExtResource("10_f0eov")
surface_material_override/0 = ExtResource("2_oaya4")

[node name="Character_Hero_Knight_Male" type="Node3D" parent="."]
visible = false
metadata/ufile_ids = ["f3c9ecbe58652e1448eee0045d7036fe:4636862690279900", "f3c9ecbe58652e1448eee0045d7036fe:1798606749829052", "f3c9ecbe58652e1448eee0045d7036fe:137705909920818876"]

[node name="_mesh" type="MeshInstance3D" parent="Character_Hero_Knight_Male"]
mesh = ExtResource("11_j4rpm")
surface_material_override/0 = ExtResource("2_oaya4")

[node name="Character_Rock_Golem" type="Node3D" parent="."]
visible = false
metadata/ufile_ids = ["f3c9ecbe58652e1448eee0045d7036fe:4936804207003510", "f3c9ecbe58652e1448eee0045d7036fe:1217136323019396", "f3c9ecbe58652e1448eee0045d7036fe:137803350133618526"]

[node name="_mesh" type="MeshInstance3D" parent="Character_Rock_Golem"]
mesh = ExtResource("12_b4v7x")
surface_material_override/0 = ExtResource("2_oaya4")

[node name="Character_Skeleton_Knight" type="Node3D" parent="."]
visible = false
metadata/ufile_ids = ["f3c9ecbe58652e1448eee0045d7036fe:4045307725426710", "f3c9ecbe58652e1448eee0045d7036fe:1513207323795036", "f3c9ecbe58652e1448eee0045d7036fe:137468100177017452"]

[node name="_mesh" type="MeshInstance3D" parent="Character_Skeleton_Knight"]
mesh = ExtResource("13_ayeoo")
surface_material_override/0 = ExtResource("2_oaya4")

[node name="Character_Skeleton_Slave_01" type="Node3D" parent="."]
metadata/ufile_ids = ["f3c9ecbe58652e1448eee0045d7036fe:4062766019436116", "f3c9ecbe58652e1448eee0045d7036fe:1870230262238728", "f3c9ecbe58652e1448eee0045d7036fe:137261256514831830"]

[node name="_mesh" type="MeshInstance3D" parent="Character_Skeleton_Slave_01"]
mesh = ExtResource("14_bcgpa")
surface_material_override/0 = ExtResource("2_oaya4")

[node name="Character_Skeleton_Soldier_01" type="Node3D" parent="."]
visible = false
metadata/ufile_ids = ["f3c9ecbe58652e1448eee0045d7036fe:4767435781023044", "f3c9ecbe58652e1448eee0045d7036fe:1946094489179568", "f3c9ecbe58652e1448eee0045d7036fe:137569232582532094"]

[node name="_mesh" type="MeshInstance3D" parent="Character_Skeleton_Soldier_01"]
mesh = ExtResource("15_nrjk4")
surface_material_override/0 = ExtResource("2_oaya4")

[node name="Character_Skeleton_Soldier_02" type="Node3D" parent="."]
visible = false
metadata/ufile_ids = ["f3c9ecbe58652e1448eee0045d7036fe:4967195199568156", "f3c9ecbe58652e1448eee0045d7036fe:1087683371760862", "f3c9ecbe58652e1448eee0045d7036fe:137468492113172458"]

[node name="_mesh" type="MeshInstance3D" parent="Character_Skeleton_Soldier_02"]
mesh = ExtResource("16_pbpmy")
surface_material_override/0 = ExtResource("2_oaya4")

[node name="Character_Tormented_Soul" type="Node3D" parent="."]
visible = false
metadata/ufile_ids = ["f3c9ecbe58652e1448eee0045d7036fe:4010002287416252", "f3c9ecbe58652e1448eee0045d7036fe:1099658023143530", "f3c9ecbe58652e1448eee0045d7036fe:137016849691370442"]

[node name="_mesh" type="MeshInstance3D" parent="Character_Tormented_Soul"]
mesh = ExtResource("17_yjryl")
surface_material_override/0 = ExtResource("2_oaya4")

[node name="Root" type="Node3D" parent="."]
metadata/ufile_ids = ["f3c9ecbe58652e1448eee0045d7036fe:4446842263429958", "f3c9ecbe58652e1448eee0045d7036fe:1073836915982570"]

[node name="Hips" type="Node3D" parent="Root"]
transform = Transform3D(0, 0, 1, 0.988775, 0.149412, 0, -0.149412, 0.988775, 0, 0, 0.876276, 0)
metadata/ufile_ids = ["f3c9ecbe58652e1448eee0045d7036fe:4100266927676140", "f3c9ecbe58652e1448eee0045d7036fe:1356714968890760"]

[node name="SM_Item_Bag_Large" type="Node3D" parent="Root/Hips"]
transform = Transform3D(0, 0.988775, -0.149412, 0, 0.149412, 0.988775, 1, 0, 0, 0.0734897, 0.0111049, -0.206229)
visible = false
metadata/ufile_ids = ["f3c9ecbe58652e1448eee0045d7036fe:4214655800788372", "f3c9ecbe58652e1448eee0045d7036fe:1749883000474264", "f3c9ecbe58652e1448eee0045d7036fe:33612011578155686", "f3c9ecbe58652e1448eee0045d7036fe:23024610146407308"]

[node name="_mesh" type="MeshInstance3D" parent="Root/Hips/SM_Item_Bag_Large"]
mesh = ExtResource("18_do588")
surface_material_override/0 = ExtResource("2_oaya4")

[node name="SM_Item_Bags" type="Node3D" parent="Root/Hips"]
transform = Transform3D(0, 0.988775, -0.149412, 0, 0.149412, 0.988775, 1, 0, 0, 0.0734897, 0.0111049, -0.206229)
visible = false
metadata/ufile_ids = ["f3c9ecbe58652e1448eee0045d7036fe:4558864604235004", "f3c9ecbe58652e1448eee0045d7036fe:1853063626614502", "f3c9ecbe58652e1448eee0045d7036fe:33572061465723264", "f3c9ecbe58652e1448eee0045d7036fe:23637079755683290"]

[node name="_mesh" type="MeshInstance3D" parent="Root/Hips/SM_Item_Bags"]
mesh = ExtResource("19_dtl5a")
surface_material_override/0 = ExtResource("2_oaya4")

[node name="SM_Item_Bones" type="Node3D" parent="Root/Hips"]
transform = Transform3D(0, 0.988775, -0.149412, 0, 0.149412, 0.988775, 1, 0, 0, 0.0902181, 0.0136327, -0.187515)
visible = false
metadata/ufile_ids = ["f3c9ecbe58652e1448eee0045d7036fe:4621092955893386", "f3c9ecbe58652e1448eee0045d7036fe:1567803964224314", "f3c9ecbe58652e1448eee0045d7036fe:33369644013155566", "f3c9ecbe58652e1448eee0045d7036fe:23446280300837304"]

[node name="_mesh" type="MeshInstance3D" parent="Root/Hips/SM_Item_Bones"]
mesh = ExtResource("20_le8u8")
surface_material_override/0 = ExtResource("2_oaya4")

[node name="SM_Item_Horn" type="Node3D" parent="Root/Hips"]
transform = Transform3D(0, 0.988775, -0.149412, 0, 0.149412, 0.988775, 1, 0, 0, 0.0795274, 0.0120172, 0.165818)
visible = false
metadata/ufile_ids = ["f3c9ecbe58652e1448eee0045d7036fe:4660767502582000", "f3c9ecbe58652e1448eee0045d7036fe:1122675430297308", "f3c9ecbe58652e1448eee0045d7036fe:33632743209789752", "f3c9ecbe58652e1448eee0045d7036fe:23497190119540874"]

[node name="_mesh" type="MeshInstance3D" parent="Root/Hips/SM_Item_Horn"]
mesh = ExtResource("21_k5p3i")
surface_material_override/0 = ExtResource("2_oaya4")

[node name="SM_Item_Shrooms" type="Node3D" parent="Root/Hips"]
transform = Transform3D(0, 0.988775, -0.149412, 0, 0.149412, 0.988775, 1, 0, 0, 0.0617986, 0.00933827, 0.189238)
visible = false
metadata/ufile_ids = ["f3c9ecbe58652e1448eee0045d7036fe:4904004212398612", "f3c9ecbe58652e1448eee0045d7036fe:1289872683685022", "f3c9ecbe58652e1448eee0045d7036fe:33006372791121682", "f3c9ecbe58652e1448eee0045d7036fe:23204758359527080"]

[node name="_mesh" type="MeshInstance3D" parent="Root/Hips/SM_Item_Shrooms"]
mesh = ExtResource("22_pyjyr")
surface_material_override/0 = ExtResource("2_oaya4")

[node name="SM_Item_Shrunken_Head" type="Node3D" parent="Root/Hips"]
transform = Transform3D(-0.122535, 0.939419, 0.32012, 0.991102, 0.0989298, 0.0890537, 0.0519893, 0.328184, -0.943182, 0.0656217, -0.00134331, -0.176248)
visible = false
metadata/ufile_ids = ["f3c9ecbe58652e1448eee0045d7036fe:4466670702939988", "f3c9ecbe58652e1448eee0045d7036fe:1962042708697698", "f3c9ecbe58652e1448eee0045d7036fe:33790552433115340", "f3c9ecbe58652e1448eee0045d7036fe:23187974973696228"]

[node name="_mesh" type="MeshInstance3D" parent="Root/Hips/SM_Item_Shrunken_Head"]
mesh = ExtResource("23_blggv")
surface_material_override/0 = ExtResource("2_oaya4")

[node name="Spine_01" type="Node3D" parent="Root/Hips"]
transform = Transform3D(0.980128, 0.198365, -2.61763e-15, 0.198365, -0.980128, -4.04826e-16, -2.64591e-15, -1.22465e-16, -1, 0.103933, 1.33227e-17, 4.61554e-17)
metadata/ufile_ids = ["f3c9ecbe58652e1448eee0045d7036fe:4870984120453936", "f3c9ecbe58652e1448eee0045d7036fe:1355868339226692"]

[node name="Spine_02" type="Node3D" parent="Root/Hips/Spine_01"]
transform = Transform3D(0.980791, 0.195062, 1.17531e-15, 0.195062, -0.980791, 3.58611e-16, 1.22268e-15, -1.22465e-16, -1, 0.181512, 1.55431e-17, -7.10107e-17)
metadata/ufile_ids = ["f3c9ecbe58652e1448eee0045d7036fe:4141648513889724", "f3c9ecbe58652e1448eee0045d7036fe:1730370044459514"]

[node name="SM_Item_Goblin_WarBanner" type="Node3D" parent="Root/Hips/Spine_01/Spine_02"]
transform = Transform3D(0, 0.989273, -0.14608, 0, 0.14608, 0.989273, 1, 0, 0, 0.100745, -0.137135, 3.42695e-15)
visible = false
metadata/ufile_ids = ["f3c9ecbe58652e1448eee0045d7036fe:4026547656082112", "f3c9ecbe58652e1448eee0045d7036fe:1521632678735010", "f3c9ecbe58652e1448eee0045d7036fe:33287242976018016", "f3c9ecbe58652e1448eee0045d7036fe:23337033434198624"]

[node name="_mesh" type="MeshInstance3D" parent="Root/Hips/Spine_01/Spine_02/SM_Item_Goblin_WarBanner"]
mesh = ExtResource("24_th6fo")
surface_material_override/0 = ExtResource("2_oaya4")

[node name="SM_Item_Shield" type="Node3D" parent="Root/Hips/Spine_01/Spine_02"]
transform = Transform3D(0, 0.989273, -0.14608, 0, 0.14608, 0.989273, 1, 0, 0, 0.194008, -0.0959115, 4.07389e-15)
visible = false
metadata/ufile_ids = ["f3c9ecbe58652e1448eee0045d7036fe:4814179640513168", "f3c9ecbe58652e1448eee0045d7036fe:1300982530570954", "f3c9ecbe58652e1448eee0045d7036fe:33921730907073912", "f3c9ecbe58652e1448eee0045d7036fe:23470319356484036"]

[node name="_mesh" type="MeshInstance3D" parent="Root/Hips/Spine_01/Spine_02/SM_Item_Shield"]
mesh = ExtResource("25_551ok")
surface_material_override/0 = ExtResource("2_oaya4")

[node name="SM_Item_Sword" type="Node3D" parent="Root/Hips/Spine_01/Spine_02"]
transform = Transform3D(0, 0.989273, -0.14608, 0, 0.14608, 0.989273, 1, 0, 0, 0.169072, -0.120668, 3.97542e-15)
visible = false
metadata/ufile_ids = ["f3c9ecbe58652e1448eee0045d7036fe:4927324715092328", "f3c9ecbe58652e1448eee0045d7036fe:1428950484388230", "f3c9ecbe58652e1448eee0045d7036fe:33356982853654434", "f3c9ecbe58652e1448eee0045d7036fe:23985241565926718"]

[node name="_mesh" type="MeshInstance3D" parent="Root/Hips/Spine_01/Spine_02/SM_Item_Sword"]
mesh = ExtResource("26_hml0b")
surface_material_override/0 = ExtResource("2_oaya4")

[node name="Spine_03" type="Node3D" parent="Root/Hips/Spine_01/Spine_02"]
transform = Transform3D(0.975318, 0.220805, 6.48372e-17, 0.220805, -0.975318, 1.40243e-16, 9.42032e-17, -1.22465e-16, -1, 0.179037, 2.22045e-17, 7.50973e-17)
metadata/ufile_ids = ["f3c9ecbe58652e1448eee0045d7036fe:4985780448741054", "f3c9ecbe58652e1448eee0045d7036fe:1219689037180110"]

[node name="Clavicle_L" type="Node3D" parent="Root/Hips/Spine_01/Spine_02/Spine_03"]
transform = Transform3D(-0.0486081, 0.996564, 0.0670689, 0.467129, 0.0820338, -0.880376, -0.882852, -0.0114635, -0.469511, 0.0580117, -0.0419145, -0.0744715)
metadata/ufile_ids = ["f3c9ecbe58652e1448eee0045d7036fe:4389357972676032", "f3c9ecbe58652e1448eee0045d7036fe:1149373788361654"]

[node name="Shoulder_L" type="Node3D" parent="Root/Hips/Spine_01/Spine_02/Spine_03/Clavicle_L"]
transform = Transform3D(0.885509, 0.0602784, -0.460696, -0.0710111, 0.997458, -0.00598189, 0.459164, 0.0380115, 0.887538, 0.131979, -4.85723e-19, -2.66454e-17)
metadata/ufile_ids = ["f3c9ecbe58652e1448eee0045d7036fe:4198836759959224", "f3c9ecbe58652e1448eee0045d7036fe:1285375218495562"]

[node name="Elbow_L" type="Node3D" parent="Root/Hips/Spine_01/Spine_02/Spine_03/Clavicle_L/Shoulder_L"]
transform = Transform3D(0.993276, -0.0825021, -0.081223, 0.0822276, 0.996591, -0.00672399, 0.0815009, -2.32831e-10, 0.996673, 0.339474, -0.00144907, -0.00143626)
metadata/ufile_ids = ["f3c9ecbe58652e1448eee0045d7036fe:4298090425792358", "f3c9ecbe58652e1448eee0045d7036fe:1449582683434306"]

[node name="Hand_L" type="Node3D" parent="Root/Hips/Spine_01/Spine_02/Spine_03/Clavicle_L/Shoulder_L/Elbow_L"]
transform = Transform3D(0.997432, 3.33198e-15, 0.0716155, -3.33544e-15, 1, -7.12448e-17, -0.0716155, -1.67807e-16, 0.997432, 0.271145, 0, -0.000381364)
metadata/ufile_ids = ["f3c9ecbe58652e1448eee0045d7036fe:4263334653426058", "f3c9ecbe58652e1448eee0045d7036fe:1222936772969990"]

[node name="Finger_01" type="Node3D" parent="Root/Hips/Spine_01/Spine_02/Spine_03/Clavicle_L/Shoulder_L/Elbow_L/Hand_L"]
transform = Transform3D(0.98976, 0.11253, 0.0878153, -0.112967, 0.993599, 0, -0.0872532, -0.0099202, 0.996137, 0.0998253, -0.00115959, -0.0328334)
metadata/ufile_ids = ["f3c9ecbe58652e1448eee0045d7036fe:4223446395080124", "f3c9ecbe58652e1448eee0045d7036fe:1422341777743538"]

[node name="Finger_02" type="Node3D" parent="Root/Hips/Spine_01/Spine_02/Spine_03/Clavicle_L/Shoulder_L/Elbow_L/Hand_L/Finger_01"]
transform = Transform3D(0.998335, 0.042418, -0.0390799, -0.0426236, 0.999081, -0.00444316, 0.0388555, 0.00610149, 0.999226, 0.0424881, -1.05818e-17, -8.32667e-18)
metadata/ufile_ids = ["f3c9ecbe58652e1448eee0045d7036fe:4611882610350420", "f3c9ecbe58652e1448eee0045d7036fe:1311833331654590"]

[node name="Finger_03" type="Node3D" parent="Root/Hips/Spine_01/Spine_02/Spine_03/Clavicle_L/Shoulder_L/Elbow_L/Hand_L/Finger_01/Finger_02"]
transform = Transform3D(0.972665, 0.181128, 0.145312, -0.186317, 0.982225, 0.0228184, -0.138596, -0.0492687, 0.989123, 0.0351333, -3.00324e-16, 3.77476e-17)
metadata/ufile_ids = ["f3c9ecbe58652e1448eee0045d7036fe:4042083002295318", "f3c9ecbe58652e1448eee0045d7036fe:1480347579887954"]

[node name="Finger_04" type="Node3D" parent="Root/Hips/Spine_01/Spine_02/Spine_03/Clavicle_L/Shoulder_L/Elbow_L/Hand_L/Finger_01/Finger_02/Finger_03"]
transform = Transform3D(0.924156, -0.33495, -0.183697, 0.328523, 0.942236, -0.0653013, 0.194958, 0, 0.980812, 0.0300324, 2.12677e-16, -1.11022e-18)
metadata/ufile_ids = ["f3c9ecbe58652e1448eee0045d7036fe:4159795097494320", "f3c9ecbe58652e1448eee0045d7036fe:1546045700082584"]

[node name="IndexFinger_01" type="Node3D" parent="Root/Hips/Spine_01/Spine_02/Spine_03/Clavicle_L/Shoulder_L/Elbow_L/Hand_L"]
transform = Transform3D(0.991306, 0.00845244, -0.131305, -0.00852626, 0.999964, 0, 0.1313, 0.00111954, 0.991342, 0.103966, 0.00398715, 0.0267265)
metadata/ufile_ids = ["f3c9ecbe58652e1448eee0045d7036fe:4485158155858564", "f3c9ecbe58652e1448eee0045d7036fe:1449287153540448"]

[node name="IndexFinger_02" type="Node3D" parent="Root/Hips/Spine_01/Spine_02/Spine_03/Clavicle_L/Shoulder_L/Elbow_L/Hand_L/IndexFinger_01"]
transform = Transform3D(0.980432, 0.19567, 0.0216048, -0.19572, 0.98066, 0.000184215, -0.021151, -0.00440911, 0.999767, 0.0409363, -1.52764e-18, 2.44249e-17)
metadata/ufile_ids = ["f3c9ecbe58652e1448eee0045d7036fe:4121656605371418", "f3c9ecbe58652e1448eee0045d7036fe:1633498552092786"]

[node name="IndexFinger_03" type="Node3D" parent="Root/Hips/Spine_01/Spine_02/Spine_03/Clavicle_L/Shoulder_L/Elbow_L/Hand_L/IndexFinger_01/IndexFinger_02"]
transform = Transform3D(0.992179, 0.113423, 0.0521209, -0.114134, 0.993406, 0.0108651, -0.0505449, -0.0167289, 0.998582, 0.0379119, -2.1462e-16, -3.83027e-17)
metadata/ufile_ids = ["f3c9ecbe58652e1448eee0045d7036fe:4558477697867740", "f3c9ecbe58652e1448eee0045d7036fe:1933997746316658"]

[node name="IndexFinger_04" type="Node3D" parent="Root/Hips/Spine_01/Spine_02/Spine_03/Clavicle_L/Shoulder_L/Elbow_L/Hand_L/IndexFinger_01/IndexFinger_02/IndexFinger_03"]
transform = Transform3D(0.947822, -0.314209, 0.0539051, 0.313702, 0.949354, 0.017841, -0.0567808, 9.31323e-10, 0.998387, 0.0377979, -1.92841e-16, -9.99201e-18)
metadata/ufile_ids = ["f3c9ecbe58652e1448eee0045d7036fe:4515063556706208", "f3c9ecbe58652e1448eee0045d7036fe:1344162782222222"]

[node name="Thumb_01" type="Node3D" parent="Root/Hips/Spine_01/Spine_02/Spine_03/Clavicle_L/Shoulder_L/Elbow_L/Hand_L"]
transform = Transform3D(0.831214, 0.154317, -0.534106, -0.182534, 0.9832, 1.11759e-08, 0.525132, 0.0974924, 0.845418, 0.0351405, -0.0117069, 0.0450554)
metadata/ufile_ids = ["f3c9ecbe58652e1448eee0045d7036fe:4433745959050044", "f3c9ecbe58652e1448eee0045d7036fe:1193589930513726"]

[node name="Thumb_02" type="Node3D" parent="Root/Hips/Spine_01/Spine_02/Spine_03/Clavicle_L/Shoulder_L/Elbow_L/Hand_L/Thumb_01"]
transform = Transform3D(0.932106, 0.268778, 0.242769, -0.287605, 0.956688, 0.0450708, -0.22014, -0.111832, 0.969037, 0.0637021, -6.10623e-18, 4.44089e-18)
metadata/ufile_ids = ["f3c9ecbe58652e1448eee0045d7036fe:4908038672350042", "f3c9ecbe58652e1448eee0045d7036fe:1957842274365272"]

[node name="Thumb_03" type="Node3D" parent="Root/Hips/Spine_01/Spine_02/Spine_03/Clavicle_L/Shoulder_L/Elbow_L/Hand_L/Thumb_01/Thumb_02"]
transform = Transform3D(0.847975, -0.452915, 0.27533, 0.430776, 0.891554, 0.139869, -0.30882, 0, 0.951121, 0.0566557, 2.91156e-16, 3.9968e-17)
metadata/ufile_ids = ["f3c9ecbe58652e1448eee0045d7036fe:4264660468900838", "f3c9ecbe58652e1448eee0045d7036fe:1243894340910758"]

[node name="Clavicle_R" type="Node3D" parent="Root/Hips/Spine_01/Spine_02/Spine_03"]
transform = Transform3D(0.0486079, -0.996564, -0.0670688, -0.467129, -0.0820339, 0.880376, -0.882852, -0.0114635, -0.469511, 0.0580153, -0.0419142, 0.0744715)
metadata/ufile_ids = ["f3c9ecbe58652e1448eee0045d7036fe:4832350802090640", "f3c9ecbe58652e1448eee0045d7036fe:1806124712493466"]

[node name="Shoulder_R" type="Node3D" parent="Root/Hips/Spine_01/Spine_02/Spine_03/Clavicle_R"]
transform = Transform3D(0.885509, 0.0602784, -0.460696, -0.0710111, 0.997458, -0.00598189, 0.459164, 0.0380115, 0.887538, -0.131979, 6.47339e-06, 4.73534e-08)
metadata/ufile_ids = ["f3c9ecbe58652e1448eee0045d7036fe:4701095309441606", "f3c9ecbe58652e1448eee0045d7036fe:1460790535718676"]

[node name="Elbow_R" type="Node3D" parent="Root/Hips/Spine_01/Spine_02/Spine_03/Clavicle_R/Shoulder_R"]
transform = Transform3D(0.993276, -0.0825021, -0.081223, 0.0822276, 0.996591, -0.00672399, 0.0815009, -2.32831e-10, 0.996673, -0.339475, 0.00144759, 0.00143626)
metadata/ufile_ids = ["f3c9ecbe58652e1448eee0045d7036fe:4825645845807234", "f3c9ecbe58652e1448eee0045d7036fe:1347566744144174"]

[node name="Hand_R" type="Node3D" parent="Root/Hips/Spine_01/Spine_02/Spine_03/Clavicle_R/Shoulder_R/Elbow_R"]
transform = Transform3D(0.997432, -2.35026e-15, 0.0716155, 2.33581e-15, 1, 2.85541e-16, -0.0716155, -1.17528e-16, 0.997432, -0.271145, -2.84217e-16, 0.000381361)
metadata/ufile_ids = ["f3c9ecbe58652e1448eee0045d7036fe:4215580063315258", "f3c9ecbe58652e1448eee0045d7036fe:1561374551152066"]

[node name="Finger_01 1" type="Node3D" parent="Root/Hips/Spine_01/Spine_02/Spine_03/Clavicle_R/Shoulder_R/Elbow_R/Hand_R"]
transform = Transform3D(0.98976, 0.11253, 0.0878153, -0.112967, 0.993599, 0, -0.0872532, -0.0099202, 0.996137, -0.099825, 0.00116, 0.0328334)
metadata/ufile_ids = ["f3c9ecbe58652e1448eee0045d7036fe:4560212689225508", "f3c9ecbe58652e1448eee0045d7036fe:1210935950414524"]

[node name="Finger_02 1" type="Node3D" parent="Root/Hips/Spine_01/Spine_02/Spine_03/Clavicle_R/Shoulder_R/Elbow_R/Hand_R/Finger_01 1"]
transform = Transform3D(0.998335, 0.042418, -0.0390799, -0.0426236, 0.999081, -0.00444316, 0.0388555, 0.00610149, 0.999226, -0.0424881, 2.65344e-07, -1.97899e-08)
metadata/ufile_ids = ["f3c9ecbe58652e1448eee0045d7036fe:4667551196933258", "f3c9ecbe58652e1448eee0045d7036fe:1451573426361222"]

[node name="Finger_03 1" type="Node3D" parent="Root/Hips/Spine_01/Spine_02/Spine_03/Clavicle_R/Shoulder_R/Elbow_R/Hand_R/Finger_01 1/Finger_02 1"]
transform = Transform3D(0.972665, 0.181128, 0.145312, -0.186317, 0.982225, 0.0228184, -0.138596, -0.0492687, 0.989123, -0.0351332, -1.99785e-07, 1.48536e-08)
metadata/ufile_ids = ["f3c9ecbe58652e1448eee0045d7036fe:4206703219459394", "f3c9ecbe58652e1448eee0045d7036fe:1875474153650976"]

[node name="Finger_04 1" type="Node3D" parent="Root/Hips/Spine_01/Spine_02/Spine_03/Clavicle_R/Shoulder_R/Elbow_R/Hand_R/Finger_01 1/Finger_02 1/Finger_03 1"]
transform = Transform3D(0.924156, -0.33495, -0.183697, 0.328523, 0.942236, -0.0653013, 0.194958, 0, 0.980812, -0.0300311, 1.13347e-06, 3.5911e-07)
metadata/ufile_ids = ["f3c9ecbe58652e1448eee0045d7036fe:4055640463377658", "f3c9ecbe58652e1448eee0045d7036fe:1526513277044406"]

[node name="IndexFinger_01 1" type="Node3D" parent="Root/Hips/Spine_01/Spine_02/Spine_03/Clavicle_R/Shoulder_R/Elbow_R/Hand_R"]
transform = Transform3D(0.991306, 0.00845244, -0.131305, -0.00852626, 0.999964, 0, 0.1313, 0.00111954, 0.991342, -0.103966, -0.00399, -0.0267265)
metadata/ufile_ids = ["f3c9ecbe58652e1448eee0045d7036fe:4269725164831894", "f3c9ecbe58652e1448eee0045d7036fe:1212189687138104"]

[node name="IndexFinger_02 1" type="Node3D" parent="Root/Hips/Spine_01/Spine_02/Spine_03/Clavicle_R/Shoulder_R/Elbow_R/Hand_R/IndexFinger_01 1"]
transform = Transform3D(0.980432, 0.19567, 0.0216048, -0.19572, 0.98066, 0.000184215, -0.021151, -0.00440911, 0.999767, -0.0409359, 9.69869e-07, -4.95675e-08)
metadata/ufile_ids = ["f3c9ecbe58652e1448eee0045d7036fe:4650417382686780", "f3c9ecbe58652e1448eee0045d7036fe:1997941865354664"]

[node name="IndexFinger_03 1" type="Node3D" parent="Root/Hips/Spine_01/Spine_02/Spine_03/Clavicle_R/Shoulder_R/Elbow_R/Hand_R/IndexFinger_01 1/IndexFinger_02 1"]
transform = Transform3D(0.992179, 0.113423, 0.0521209, -0.114134, 0.993406, 0.0108651, -0.0505449, -0.0167289, 0.998582, -0.0379121, 3.24998e-06, -4.54529e-08)
metadata/ufile_ids = ["f3c9ecbe58652e1448eee0045d7036fe:4810541310463984", "f3c9ecbe58652e1448eee0045d7036fe:1885165407704882"]

[node name="IndexFinger_04 1" type="Node3D" parent="Root/Hips/Spine_01/Spine_02/Spine_03/Clavicle_R/Shoulder_R/Elbow_R/Hand_R/IndexFinger_01 1/IndexFinger_02 1/IndexFinger_03 1"]
transform = Transform3D(0.947822, -0.314209, 0.0539051, 0.313702, 0.949354, 0.017841, -0.0567808, 9.31323e-10, 0.998387, -0.0377933, -5.26571e-06, -1.55074e-07)
metadata/ufile_ids = ["f3c9ecbe58652e1448eee0045d7036fe:4659966102698240", "f3c9ecbe58652e1448eee0045d7036fe:1266357376413486"]

[node name="Thumb_01 1" type="Node3D" parent="Root/Hips/Spine_01/Spine_02/Spine_03/Clavicle_R/Shoulder_R/Elbow_R/Hand_R"]
transform = Transform3D(0.831214, 0.154317, -0.534106, -0.182534, 0.9832, 1.11759e-08, 0.525132, 0.0974924, 0.845418, -0.03514, 0.01171, -0.0450554)
metadata/ufile_ids = ["f3c9ecbe58652e1448eee0045d7036fe:4765426707082958", "f3c9ecbe58652e1448eee0045d7036fe:1195870799772274"]

[node name="Thumb_02 1" type="Node3D" parent="Root/Hips/Spine_01/Spine_02/Spine_03/Clavicle_R/Shoulder_R/Elbow_R/Hand_R/Thumb_01 1"]
transform = Transform3D(0.932106, 0.268778, 0.242769, -0.287605, 0.956688, 0.0450708, -0.22014, -0.111832, 0.969037, -0.0637015, -7.81182e-06, 4.36381e-07)
metadata/ufile_ids = ["f3c9ecbe58652e1448eee0045d7036fe:4240904356499302", "f3c9ecbe58652e1448eee0045d7036fe:1707714530339774"]

[node name="Thumb_03 1" type="Node3D" parent="Root/Hips/Spine_01/Spine_02/Spine_03/Clavicle_R/Shoulder_R/Elbow_R/Hand_R/Thumb_01 1/Thumb_02 1"]
transform = Transform3D(0.847975, -0.452915, 0.27533, 0.430776, 0.891554, 0.139869, -0.30882, 0, 0.951121, -0.0566551, 9.8355e-08, -2.02795e-07)
metadata/ufile_ids = ["f3c9ecbe58652e1448eee0045d7036fe:4599648926593058", "f3c9ecbe58652e1448eee0045d7036fe:1054136294969898"]

[node name="Neck" type="Node3D" parent="Root/Hips/Spine_01/Spine_02/Spine_03"]
transform = Transform3D(0.996517, 0.083394, -2.58936e-15, -0.083394, 0.996517, 1.85358e-16, 2.5958e-15, 3.1225e-17, 1, 0.11189, -6.66134e-18, -4.62441e-17)
metadata/ufile_ids = ["f3c9ecbe58652e1448eee0045d7036fe:4058978739298324", "f3c9ecbe58652e1448eee0045d7036fe:1035336905944390"]

[node name="Head" type="Node3D" parent="Root/Hips/Spine_01/Spine_02/Spine_03/Neck"]
transform = Transform3D(0, 0.987303, 0.158851, 0, 0.158851, -0.987303, -1, 0, 0, 0.121644, -1.5099e-16, -5.05918e-17)
metadata/ufile_ids = ["f3c9ecbe58652e1448eee0045d7036fe:4978337287387952", "f3c9ecbe58652e1448eee0045d7036fe:1083669236625890"]

[node name="Eyebrows" type="Node3D" parent="Root/Hips/Spine_01/Spine_02/Spine_03/Neck/Head"]
transform = Transform3D(1, 0, 0, 0, 1, 0, 0, 0, 1, -2.52435e-31, 0.127669, 0.122722)
metadata/ufile_ids = ["f3c9ecbe58652e1448eee0045d7036fe:4783432951724724", "f3c9ecbe58652e1448eee0045d7036fe:1857087953215736"]

[node name="Eyes" type="Node3D" parent="Root/Hips/Spine_01/Spine_02/Spine_03/Neck/Head"]
transform = Transform3D(1, 0, 0, 0, 1, 0, 0, 0, 1, 2.05104e-31, 0.0944761, 0.122722)
metadata/ufile_ids = ["f3c9ecbe58652e1448eee0045d7036fe:4687874629024864", "f3c9ecbe58652e1448eee0045d7036fe:1958347349648032"]

[node name="SM_Item_Goblin_Hair" type="Node3D" parent="Root/Hips/Spine_01/Spine_02/Spine_03/Neck/Head"]
transform = Transform3D(1, 1.11999e-14, -8.30618e-15, -1.11999e-14, 1, -3.13721e-13, 8.30618e-15, 3.13721e-13, 1, -0.00482341, 0.184513, -0.116214)
visible = false
metadata/ufile_ids = ["f3c9ecbe58652e1448eee0045d7036fe:4000594493337524", "f3c9ecbe58652e1448eee0045d7036fe:1272968834861500", "f3c9ecbe58652e1448eee0045d7036fe:33613716319738196", "f3c9ecbe58652e1448eee0045d7036fe:23295851414731606"]

[node name="_mesh" type="MeshInstance3D" parent="Root/Hips/Spine_01/Spine_02/Spine_03/Neck/Head/SM_Item_Goblin_Hair"]
mesh = ExtResource("27_i4846")
surface_material_override/0 = ExtResource("2_oaya4")

[node name="SM_Item_Mask_01" type="Node3D" parent="Root/Hips/Spine_01/Spine_02/Spine_03/Neck/Head"]
transform = Transform3D(1, 1.11999e-14, -8.30618e-15, -1.11999e-14, 1, -3.13721e-13, 8.30618e-15, 3.13721e-13, 1, -1.26528e-14, -1.56911, 0.00483958)
visible = false
metadata/ufile_ids = ["f3c9ecbe58652e1448eee0045d7036fe:4395350260240950", "f3c9ecbe58652e1448eee0045d7036fe:1194433112619676", "f3c9ecbe58652e1448eee0045d7036fe:33652129069150250", "f3c9ecbe58652e1448eee0045d7036fe:23855263722784002"]

[node name="_mesh" type="MeshInstance3D" parent="Root/Hips/Spine_01/Spine_02/Spine_03/Neck/Head/SM_Item_Mask_01"]
mesh = ExtResource("28_4kv8o")
surface_material_override/0 = ExtResource("2_oaya4")

[node name="SM_Item_Mask_02" type="Node3D" parent="Root/Hips/Spine_01/Spine_02/Spine_03/Neck/Head"]
transform = Transform3D(1, 1.11999e-14, -8.30618e-15, -1.11999e-14, 1, -3.13721e-13, 8.30618e-15, 3.13721e-13, 1, -1.26528e-14, -1.56911, 0.00483958)
visible = false
metadata/ufile_ids = ["f3c9ecbe58652e1448eee0045d7036fe:4407257027732516", "f3c9ecbe58652e1448eee0045d7036fe:1480667057974540", "f3c9ecbe58652e1448eee0045d7036fe:33767077395468490", "f3c9ecbe58652e1448eee0045d7036fe:23863168442728494"]

[node name="_mesh" type="MeshInstance3D" parent="Root/Hips/Spine_01/Spine_02/Spine_03/Neck/Head/SM_Item_Mask_02"]
mesh = ExtResource("29_m2ato")
surface_material_override/0 = ExtResource("2_oaya4")

[node name="UpperLeg_L" type="Node3D" parent="Root/Hips"]
transform = Transform3D(0.988277, -0.0313848, -0.149412, 0.149337, -0.00474262, 0.988775, -0.0317411, -0.999496, -1.19209e-07, -0.0411578, -0.0269207, 0.0989671)
metadata/ufile_ids = ["f3c9ecbe58652e1448eee0045d7036fe:4260556418074420", "f3c9ecbe58652e1448eee0045d7036fe:1101247900335802"]

[node name="LowerLeg_L" type="Node3D" parent="Root/Hips/UpperLeg_L"]
transform = Transform3D(0.998758, -0.0387686, -0.031288, -0.0242844, 0.16951, -0.985229, 0.0434995, 0.984766, 0.168358, -0.399309, -3.80503e-07, 1.46549e-16)
metadata/ufile_ids = ["f3c9ecbe58652e1448eee0045d7036fe:4887888615557974", "f3c9ecbe58652e1448eee0045d7036fe:1623403086627186"]

[node name="Ankle_L" type="Node3D" parent="Root/Hips/UpperLeg_L/LowerLeg_L"]
transform = Transform3D(0.482309, -0.875969, 0.00742956, -0.864116, -0.474357, 0.168194, -0.143808, -0.0875415, -0.985726, -0.377123, 1.31695e-07, -8.41104e-07)
metadata/ufile_ids = ["f3c9ecbe58652e1448eee0045d7036fe:4267787194377228", "f3c9ecbe58652e1448eee0045d7036fe:1321207297830704"]

[node name="Ball_L" type="Node3D" parent="Root/Hips/UpperLeg_L/LowerLeg_L/Ankle_L"]
transform = Transform3D(0.854183, -0.519973, -7.5118e-15, 0.519973, 0.854183, -9.44708e-15, 1.13287e-14, 4.16361e-15, 1, -0.11284, -1.68496e-08, -7.10543e-17)
metadata/ufile_ids = ["f3c9ecbe58652e1448eee0045d7036fe:4519878807009506", "f3c9ecbe58652e1448eee0045d7036fe:1138333742898510"]

[node name="Toes_L" type="Node3D" parent="Root/Hips/UpperLeg_L/LowerLeg_L/Ankle_L/Ball_L"]
transform = Transform3D(0, -7.74325e-13, 1, 0, 1, 7.74325e-13, -1, 0, 0, -0.0729575, 2.66454e-17, 1.77636e-17)
metadata/ufile_ids = ["f3c9ecbe58652e1448eee0045d7036fe:4980899166252428", "f3c9ecbe58652e1448eee0045d7036fe:1459012007214304"]

[node name="UpperLeg_R" type="Node3D" parent="Root/Hips"]
transform = Transform3D(-0.988277, 0.0313848, 0.149412, -0.149337, 0.00474262, -0.988775, -0.0317411, -0.999496, 5.96046e-08, -0.0411577, -0.0269207, -0.0989671)
metadata/ufile_ids = ["f3c9ecbe58652e1448eee0045d7036fe:4629403014582396", "f3c9ecbe58652e1448eee0045d7036fe:1777331674752620"]

[node name="LowerLeg_R" type="Node3D" parent="Root/Hips/UpperLeg_R"]
transform = Transform3D(0.998758, -0.0387686, -0.031288, -0.0242844, 0.16951, -0.985229, 0.0434995, 0.984766, 0.168358, 0.399309, -6.88338e-17, -5.33421e-17)
metadata/ufile_ids = ["f3c9ecbe58652e1448eee0045d7036fe:4884915057887028", "f3c9ecbe58652e1448eee0045d7036fe:1800917191720070"]

[node name="Ankle_R" type="Node3D" parent="Root/Hips/UpperLeg_R/LowerLeg_R"]
transform = Transform3D(0.482309, -0.875969, 0.00742956, -0.864116, -0.474357, 0.168194, -0.143808, -0.0875415, -0.985726, 0.377124, -7.77156e-17, 1.68199e-16)
metadata/ufile_ids = ["f3c9ecbe58652e1448eee0045d7036fe:4911459492021846", "f3c9ecbe58652e1448eee0045d7036fe:1130497440796980"]

[node name="Ball_R" type="Node3D" parent="Root/Hips/UpperLeg_R/LowerLeg_R/Ankle_R"]
transform = Transform3D(0.854183, -0.519973, -2.65799e-15, 0.519973, 0.854183, 7.41842e-16, 1.88467e-15, -2.01575e-15, 1, 0.11284, -1.15463e-16, -2.11335e-17)
metadata/ufile_ids = ["f3c9ecbe58652e1448eee0045d7036fe:4438124262177482", "f3c9ecbe58652e1448eee0045d7036fe:1141504159259874"]

[node name="Toes_R" type="Node3D" parent="Root/Hips/UpperLeg_R/LowerLeg_R/Ankle_R/Ball_R"]
transform = Transform3D(0, 5.33341e-14, 1, 0, 1, -5.33341e-14, -1, 0, 0, 0.0729576, 2.04009e-18, 3.40871e-18)
metadata/ufile_ids = ["f3c9ecbe58652e1448eee0045d7036fe:4851402468467930", "f3c9ecbe58652e1448eee0045d7036fe:1580166134315870"]
