[gd_scene load_steps=30 format=3]

[ext_resource type="ArrayMesh" path="res://assets/PolygonDungeon/Models/FixedScale/Characters_mesh/Character_Ghost_01_4300040.mesh" id="1_lf6oa"]
[ext_resource type="Material" path="res://assets/PolygonDungeon/Materials/Dungeon_Material_01.tres" id="2_wnhgs"]
[ext_resource type="ArrayMesh" path="res://assets/PolygonDungeon/Models/FixedScale/Characters_mesh/Character_Ghost_02_4300032.mesh" id="3_tk18h"]
[ext_resource type="ArrayMesh" path="res://assets/PolygonDungeon/Models/FixedScale/Characters_mesh/Character_Goblin_Female_4300028.mesh" id="4_3v831"]
[ext_resource type="ArrayMesh" path="res://assets/PolygonDungeon/Models/FixedScale/Characters_mesh/Character_Goblin_Male_4300046.mesh" id="5_8ylhr"]
[ext_resource type="ArrayMesh" path="res://assets/PolygonDungeon/Models/FixedScale/Characters_mesh/Character_Goblin_Shaman_4300038.mesh" id="6_g5k2m"]
[ext_resource type="ArrayMesh" path="res://assets/PolygonDungeon/Models/FixedScale/Characters_mesh/Character_Goblin_WarChief_4300052.mesh" id="7_r5lwo"]
[ext_resource type="ArrayMesh" path="res://assets/PolygonDungeon/Models/FixedScale/Characters_mesh/Character_Goblin_Warrior_Female_4300024.mesh" id="8_r2y3o"]
[ext_resource type="ArrayMesh" path="res://assets/PolygonDungeon/Models/FixedScale/Characters_mesh/Character_Goblin_Warrior_Male_4300034.mesh" id="9_pjk4i"]
[ext_resource type="ArrayMesh" path="res://assets/PolygonDungeon/Models/FixedScale/Characters_mesh/Character_Hero_Knight_Female_4300030.mesh" id="10_1xwxn"]
[ext_resource type="ArrayMesh" path="res://assets/PolygonDungeon/Models/FixedScale/Characters_mesh/Character_Hero_Knight_Male_4300048.mesh" id="11_0w01g"]
[ext_resource type="ArrayMesh" path="res://assets/PolygonDungeon/Models/FixedScale/Characters_mesh/Character_Rock_Golem_4300036.mesh" id="12_weuo0"]
[ext_resource type="ArrayMesh" path="res://assets/PolygonDungeon/Models/FixedScale/Characters_mesh/Character_Skeleton_Knight_4300026.mesh" id="13_uhh0h"]
[ext_resource type="ArrayMesh" path="res://assets/PolygonDungeon/Models/FixedScale/Characters_mesh/Character_Skeleton_Slave_01_4300050.mesh" id="14_kko2u"]
[ext_resource type="ArrayMesh" path="res://assets/PolygonDungeon/Models/FixedScale/Characters_mesh/Character_Skeleton_Soldier_01_4300054.mesh" id="15_njhqo"]
[ext_resource type="ArrayMesh" path="res://assets/PolygonDungeon/Models/FixedScale/Characters_mesh/Character_Skeleton_Soldier_02_4300044.mesh" id="16_ojaao"]
[ext_resource type="ArrayMesh" path="res://assets/PolygonDungeon/Models/FixedScale/Characters_mesh/Character_Tormented_Soul_4300042.mesh" id="17_mebbp"]
[ext_resource type="ArrayMesh" path="res://assets/PolygonDungeon/Models/FixedScale/Characters_mesh/SM_Item_Bag_Large_4300022.mesh" id="18_vwld8"]
[ext_resource type="ArrayMesh" path="res://assets/PolygonDungeon/Models/FixedScale/Characters_mesh/SM_Item_Bags_4300014.mesh" id="19_s5j4v"]
[ext_resource type="ArrayMesh" path="res://assets/PolygonDungeon/Models/FixedScale/Characters_mesh/SM_Item_Bones_4300020.mesh" id="20_nnitt"]
[ext_resource type="ArrayMesh" path="res://assets/PolygonDungeon/Models/FixedScale/Characters_mesh/SM_Item_Horn_4300018.mesh" id="21_fq1wt"]
[ext_resource type="ArrayMesh" path="res://assets/PolygonDungeon/Models/FixedScale/Characters_mesh/SM_Item_Shrooms_4300016.mesh" id="22_oibdk"]
[ext_resource type="ArrayMesh" path="res://assets/PolygonDungeon/Models/FixedScale/Characters_mesh/SM_Item_Shrunken_Head_4300012.mesh" id="23_msvgd"]
[ext_resource type="ArrayMesh" path="res://assets/PolygonDungeon/Models/FixedScale/Characters_mesh/SM_Item_Goblin_WarBanner_4300006.mesh" id="24_4t4at"]
[ext_resource type="ArrayMesh" path="res://assets/PolygonDungeon/Models/FixedScale/Characters_mesh/SM_Item_Shield_4300010.mesh" id="25_bs3dr"]
[ext_resource type="ArrayMesh" path="res://assets/PolygonDungeon/Models/FixedScale/Characters_mesh/SM_Item_Sword_4300008.mesh" id="26_3dmm1"]
[ext_resource type="ArrayMesh" path="res://assets/PolygonDungeon/Models/FixedScale/Characters_mesh/SM_Item_Goblin_Hair_4300000.mesh" id="27_2g8ur"]
[ext_resource type="ArrayMesh" path="res://assets/PolygonDungeon/Models/FixedScale/Characters_mesh/SM_Item_Mask_01_4300002.mesh" id="28_7g2ma"]
[ext_resource type="ArrayMesh" path="res://assets/PolygonDungeon/Models/FixedScale/Characters_mesh/SM_Item_Mask_02_4300004.mesh" id="29_5wd5t"]

[node name="Character_Goblin_Warrior_Male_FixedScale" type="Node3D"]
metadata/ufile_ids = ["c4e3b5d3572bced46ab0fdb482897812:4428279620996246", "c4e3b5d3572bced46ab0fdb482897812:1475337874035606", "c4e3b5d3572bced46ab0fdb482897812:95801823229539542"]

[node name="Character_Ghost_01" type="Node3D" parent="."]
visible = false
metadata/ufile_ids = ["c4e3b5d3572bced46ab0fdb482897812:4221865591217880", "c4e3b5d3572bced46ab0fdb482897812:1367112355998514", "c4e3b5d3572bced46ab0fdb482897812:137328811495230502"]

[node name="_mesh" type="MeshInstance3D" parent="Character_Ghost_01"]
mesh = ExtResource("1_lf6oa")
surface_material_override/0 = ExtResource("2_wnhgs")

[node name="Character_Ghost_02" type="Node3D" parent="."]
visible = false
metadata/ufile_ids = ["c4e3b5d3572bced46ab0fdb482897812:4630221479610592", "c4e3b5d3572bced46ab0fdb482897812:1582183525007148", "c4e3b5d3572bced46ab0fdb482897812:137156160526243540"]

[node name="_mesh" type="MeshInstance3D" parent="Character_Ghost_02"]
mesh = ExtResource("3_tk18h")
surface_material_override/0 = ExtResource("2_wnhgs")

[node name="Character_Goblin_Female" type="Node3D" parent="."]
visible = false
metadata/ufile_ids = ["c4e3b5d3572bced46ab0fdb482897812:4953462766402482", "c4e3b5d3572bced46ab0fdb482897812:1430091689361528", "c4e3b5d3572bced46ab0fdb482897812:137213605302724100"]

[node name="_mesh" type="MeshInstance3D" parent="Character_Goblin_Female"]
mesh = ExtResource("4_3v831")
surface_material_override/0 = ExtResource("2_wnhgs")

[node name="Character_Goblin_Male" type="Node3D" parent="."]
visible = false
metadata/ufile_ids = ["c4e3b5d3572bced46ab0fdb482897812:4991483051868662", "c4e3b5d3572bced46ab0fdb482897812:1629391359526566", "c4e3b5d3572bced46ab0fdb482897812:137256250121346370"]

[node name="_mesh" type="MeshInstance3D" parent="Character_Goblin_Male"]
mesh = ExtResource("5_8ylhr")
surface_material_override/0 = ExtResource("2_wnhgs")

[node name="Character_Goblin_Shaman" type="Node3D" parent="."]
visible = false
metadata/ufile_ids = ["c4e3b5d3572bced46ab0fdb482897812:4164551604561876", "c4e3b5d3572bced46ab0fdb482897812:1150383434396174", "c4e3b5d3572bced46ab0fdb482897812:137618908479268364"]

[node name="_mesh" type="MeshInstance3D" parent="Character_Goblin_Shaman"]
mesh = ExtResource("6_g5k2m")
surface_material_override/0 = ExtResource("2_wnhgs")

[node name="Character_Goblin_WarChief" type="Node3D" parent="."]
visible = false
metadata/ufile_ids = ["c4e3b5d3572bced46ab0fdb482897812:4492261847737400", "c4e3b5d3572bced46ab0fdb482897812:1512899592954854", "c4e3b5d3572bced46ab0fdb482897812:137568457954205912"]

[node name="_mesh" type="MeshInstance3D" parent="Character_Goblin_WarChief"]
mesh = ExtResource("7_r5lwo")
surface_material_override/0 = ExtResource("2_wnhgs")

[node name="Character_Goblin_Warrior_Female" type="Node3D" parent="."]
visible = false
metadata/ufile_ids = ["c4e3b5d3572bced46ab0fdb482897812:4005017276490472", "c4e3b5d3572bced46ab0fdb482897812:1356155320441140", "c4e3b5d3572bced46ab0fdb482897812:137982169212192350"]

[node name="_mesh" type="MeshInstance3D" parent="Character_Goblin_Warrior_Female"]
mesh = ExtResource("8_r2y3o")
surface_material_override/0 = ExtResource("2_wnhgs")

[node name="Character_Goblin_Warrior_Male" type="Node3D" parent="."]
metadata/ufile_ids = ["c4e3b5d3572bced46ab0fdb482897812:4307606393022530", "c4e3b5d3572bced46ab0fdb482897812:1751015484874436", "c4e3b5d3572bced46ab0fdb482897812:137813620778190748"]

[node name="_mesh" type="MeshInstance3D" parent="Character_Goblin_Warrior_Male"]
mesh = ExtResource("9_pjk4i")
surface_material_override/0 = ExtResource("2_wnhgs")

[node name="Character_Hero_Knight_Female" type="Node3D" parent="."]
visible = false
metadata/ufile_ids = ["c4e3b5d3572bced46ab0fdb482897812:4431012329346600", "c4e3b5d3572bced46ab0fdb482897812:1181855296829808", "c4e3b5d3572bced46ab0fdb482897812:137092156270952416"]

[node name="_mesh" type="MeshInstance3D" parent="Character_Hero_Knight_Female"]
mesh = ExtResource("10_1xwxn")
surface_material_override/0 = ExtResource("2_wnhgs")

[node name="Character_Hero_Knight_Male" type="Node3D" parent="."]
visible = false
metadata/ufile_ids = ["c4e3b5d3572bced46ab0fdb482897812:4072238894300876", "c4e3b5d3572bced46ab0fdb482897812:1119117334227052", "c4e3b5d3572bced46ab0fdb482897812:137666444870613696"]

[node name="_mesh" type="MeshInstance3D" parent="Character_Hero_Knight_Male"]
mesh = ExtResource("11_0w01g")
surface_material_override/0 = ExtResource("2_wnhgs")

[node name="Character_Rock_Golem" type="Node3D" parent="."]
visible = false
metadata/ufile_ids = ["c4e3b5d3572bced46ab0fdb482897812:4479850459759338", "c4e3b5d3572bced46ab0fdb482897812:1279639851557102", "c4e3b5d3572bced46ab0fdb482897812:137486399974914714"]

[node name="_mesh" type="MeshInstance3D" parent="Character_Rock_Golem"]
mesh = ExtResource("12_weuo0")
surface_material_override/0 = ExtResource("2_wnhgs")

[node name="Character_Skeleton_Knight" type="Node3D" parent="."]
visible = false
metadata/ufile_ids = ["c4e3b5d3572bced46ab0fdb482897812:4101087978546588", "c4e3b5d3572bced46ab0fdb482897812:1529434230947114", "c4e3b5d3572bced46ab0fdb482897812:137604306300466286"]

[node name="_mesh" type="MeshInstance3D" parent="Character_Skeleton_Knight"]
mesh = ExtResource("13_uhh0h")
surface_material_override/0 = ExtResource("2_wnhgs")

[node name="Character_Skeleton_Slave_01" type="Node3D" parent="."]
visible = false
metadata/ufile_ids = ["c4e3b5d3572bced46ab0fdb482897812:4621306759611434", "c4e3b5d3572bced46ab0fdb482897812:1482556891744010", "c4e3b5d3572bced46ab0fdb482897812:137425756699673548"]

[node name="_mesh" type="MeshInstance3D" parent="Character_Skeleton_Slave_01"]
mesh = ExtResource("14_kko2u")
surface_material_override/0 = ExtResource("2_wnhgs")

[node name="Character_Skeleton_Soldier_01" type="Node3D" parent="."]
visible = false
metadata/ufile_ids = ["c4e3b5d3572bced46ab0fdb482897812:4553460371647126", "c4e3b5d3572bced46ab0fdb482897812:1324021670406028", "c4e3b5d3572bced46ab0fdb482897812:137058742487369802"]

[node name="_mesh" type="MeshInstance3D" parent="Character_Skeleton_Soldier_01"]
mesh = ExtResource("15_njhqo")
surface_material_override/0 = ExtResource("2_wnhgs")

[node name="Character_Skeleton_Soldier_02" type="Node3D" parent="."]
visible = false
metadata/ufile_ids = ["c4e3b5d3572bced46ab0fdb482897812:4810446891083276", "c4e3b5d3572bced46ab0fdb482897812:1416402058710254", "c4e3b5d3572bced46ab0fdb482897812:137069871124497304"]

[node name="_mesh" type="MeshInstance3D" parent="Character_Skeleton_Soldier_02"]
mesh = ExtResource("16_ojaao")
surface_material_override/0 = ExtResource("2_wnhgs")

[node name="Character_Tormented_Soul" type="Node3D" parent="."]
visible = false
metadata/ufile_ids = ["c4e3b5d3572bced46ab0fdb482897812:4029781176962892", "c4e3b5d3572bced46ab0fdb482897812:1360596684887604", "c4e3b5d3572bced46ab0fdb482897812:137540847158617144"]

[node name="_mesh" type="MeshInstance3D" parent="Character_Tormented_Soul"]
mesh = ExtResource("17_mebbp")
surface_material_override/0 = ExtResource("2_wnhgs")

[node name="Root" type="Node3D" parent="."]
metadata/ufile_ids = ["c4e3b5d3572bced46ab0fdb482897812:4745679581920548", "c4e3b5d3572bced46ab0fdb482897812:1822335972121478"]

[node name="Hips" type="Node3D" parent="Root"]
transform = Transform3D(0, 0, 1, 0.988775, 0.149412, 0, -0.149412, 0.988775, 0, 0, 0.876276, 0)
metadata/ufile_ids = ["c4e3b5d3572bced46ab0fdb482897812:4238198931485386", "c4e3b5d3572bced46ab0fdb482897812:1694543618927782"]

[node name="SM_Item_Bag_Large" type="Node3D" parent="Root/Hips"]
transform = Transform3D(0, 0.988775, -0.149412, 0, 0.149412, 0.988775, 1, 0, 0, 0.0734897, 0.0111049, -0.206229)
visible = false
metadata/ufile_ids = ["c4e3b5d3572bced46ab0fdb482897812:4657661673044704", "c4e3b5d3572bced46ab0fdb482897812:1539794319939778", "c4e3b5d3572bced46ab0fdb482897812:33424592483770524", "c4e3b5d3572bced46ab0fdb482897812:23771674999322756"]

[node name="_mesh" type="MeshInstance3D" parent="Root/Hips/SM_Item_Bag_Large"]
mesh = ExtResource("18_vwld8")
surface_material_override/0 = ExtResource("2_wnhgs")

[node name="SM_Item_Bags" type="Node3D" parent="Root/Hips"]
transform = Transform3D(0, 0.988775, -0.149412, 0, 0.149412, 0.988775, 1, 0, 0, 0.0734897, 0.0111049, -0.206229)
visible = false
metadata/ufile_ids = ["c4e3b5d3572bced46ab0fdb482897812:4435879405812304", "c4e3b5d3572bced46ab0fdb482897812:1106259404704908", "c4e3b5d3572bced46ab0fdb482897812:33393804553606494", "c4e3b5d3572bced46ab0fdb482897812:23162838867530222"]

[node name="_mesh" type="MeshInstance3D" parent="Root/Hips/SM_Item_Bags"]
mesh = ExtResource("19_s5j4v")
surface_material_override/0 = ExtResource("2_wnhgs")

[node name="SM_Item_Bones" type="Node3D" parent="Root/Hips"]
transform = Transform3D(0, 0.988775, -0.149412, 0, 0.149412, 0.988775, 1, 0, 0, 0.0902181, 0.0136327, -0.187515)
visible = false
metadata/ufile_ids = ["c4e3b5d3572bced46ab0fdb482897812:4981525954702382", "c4e3b5d3572bced46ab0fdb482897812:1070694020244276", "c4e3b5d3572bced46ab0fdb482897812:33812137450925488", "c4e3b5d3572bced46ab0fdb482897812:23302510525230440"]

[node name="_mesh" type="MeshInstance3D" parent="Root/Hips/SM_Item_Bones"]
mesh = ExtResource("20_nnitt")
surface_material_override/0 = ExtResource("2_wnhgs")

[node name="SM_Item_Horn" type="Node3D" parent="Root/Hips"]
transform = Transform3D(0, 0.988775, -0.149412, 0, 0.149412, 0.988775, 1, 0, 0, 0.0795274, 0.0120172, 0.165818)
visible = false
metadata/ufile_ids = ["c4e3b5d3572bced46ab0fdb482897812:4361641523503428", "c4e3b5d3572bced46ab0fdb482897812:1368686172139812", "c4e3b5d3572bced46ab0fdb482897812:33306671889394148", "c4e3b5d3572bced46ab0fdb482897812:23615702808044180"]

[node name="_mesh" type="MeshInstance3D" parent="Root/Hips/SM_Item_Horn"]
mesh = ExtResource("21_fq1wt")
surface_material_override/0 = ExtResource("2_wnhgs")

[node name="SM_Item_Shrooms" type="Node3D" parent="Root/Hips"]
transform = Transform3D(0, 0.988775, -0.149412, 0, 0.149412, 0.988775, 1, 0, 0, 0.0617986, 0.00933827, 0.189238)
visible = false
metadata/ufile_ids = ["c4e3b5d3572bced46ab0fdb482897812:4961119156575896", "c4e3b5d3572bced46ab0fdb482897812:1860692263806770", "c4e3b5d3572bced46ab0fdb482897812:33045844220805986", "c4e3b5d3572bced46ab0fdb482897812:23078393176550652"]

[node name="_mesh" type="MeshInstance3D" parent="Root/Hips/SM_Item_Shrooms"]
mesh = ExtResource("22_oibdk")
surface_material_override/0 = ExtResource("2_wnhgs")

[node name="SM_Item_Shrunken_Head" type="Node3D" parent="Root/Hips"]
transform = Transform3D(-0.122535, 0.939419, 0.32012, 0.991102, 0.0989298, 0.0890537, 0.0519893, 0.328184, -0.943182, 0.0656217, -0.00134331, -0.176248)
visible = false
metadata/ufile_ids = ["c4e3b5d3572bced46ab0fdb482897812:4500913840013062", "c4e3b5d3572bced46ab0fdb482897812:1189721674279036", "c4e3b5d3572bced46ab0fdb482897812:33800505332622766", "c4e3b5d3572bced46ab0fdb482897812:23603611999507306"]

[node name="_mesh" type="MeshInstance3D" parent="Root/Hips/SM_Item_Shrunken_Head"]
mesh = ExtResource("23_msvgd")
surface_material_override/0 = ExtResource("2_wnhgs")

[node name="Spine_01" type="Node3D" parent="Root/Hips"]
transform = Transform3D(0.980128, 0.198365, -2.61763e-15, 0.198365, -0.980128, -4.04826e-16, -2.64591e-15, -1.22465e-16, -1, 0.103933, 1.33227e-17, 4.61554e-17)
metadata/ufile_ids = ["c4e3b5d3572bced46ab0fdb482897812:4628248597941832", "c4e3b5d3572bced46ab0fdb482897812:1968865072198130"]

[node name="Spine_02" type="Node3D" parent="Root/Hips/Spine_01"]
transform = Transform3D(0.980791, 0.195062, 1.17531e-15, 0.195062, -0.980791, 3.58611e-16, 1.22268e-15, -1.22465e-16, -1, 0.181512, 1.55431e-17, -7.10107e-17)
metadata/ufile_ids = ["c4e3b5d3572bced46ab0fdb482897812:4709828716698544", "c4e3b5d3572bced46ab0fdb482897812:1855258992757130"]

[node name="SM_Item_Goblin_WarBanner" type="Node3D" parent="Root/Hips/Spine_01/Spine_02"]
transform = Transform3D(0, 0.989273, -0.14608, 0, 0.14608, 0.989273, 1, 0, 0, 0.100745, -0.137135, 3.42695e-15)
visible = false
metadata/ufile_ids = ["c4e3b5d3572bced46ab0fdb482897812:4038005375653138", "c4e3b5d3572bced46ab0fdb482897812:1034078175639920", "c4e3b5d3572bced46ab0fdb482897812:33193927772307604", "c4e3b5d3572bced46ab0fdb482897812:23754066309583592"]

[node name="_mesh" type="MeshInstance3D" parent="Root/Hips/Spine_01/Spine_02/SM_Item_Goblin_WarBanner"]
mesh = ExtResource("24_4t4at")
surface_material_override/0 = ExtResource("2_wnhgs")

[node name="SM_Item_Shield" type="Node3D" parent="Root/Hips/Spine_01/Spine_02"]
transform = Transform3D(0, 0.989273, -0.14608, 0, 0.14608, 0.989273, 1, 0, 0, 0.194008, -0.0959115, 4.07389e-15)
visible = false
metadata/ufile_ids = ["c4e3b5d3572bced46ab0fdb482897812:4061870304428302", "c4e3b5d3572bced46ab0fdb482897812:1311875308892338", "c4e3b5d3572bced46ab0fdb482897812:33571636962918282", "c4e3b5d3572bced46ab0fdb482897812:23716272478556658"]

[node name="_mesh" type="MeshInstance3D" parent="Root/Hips/Spine_01/Spine_02/SM_Item_Shield"]
mesh = ExtResource("25_bs3dr")
surface_material_override/0 = ExtResource("2_wnhgs")

[node name="SM_Item_Sword" type="Node3D" parent="Root/Hips/Spine_01/Spine_02"]
transform = Transform3D(0, 0.989273, -0.14608, 0, 0.14608, 0.989273, 1, 0, 0, 0.169072, -0.120668, 3.97542e-15)
visible = false
metadata/ufile_ids = ["c4e3b5d3572bced46ab0fdb482897812:4717790222633928", "c4e3b5d3572bced46ab0fdb482897812:1521959590508456", "c4e3b5d3572bced46ab0fdb482897812:33586086680194036", "c4e3b5d3572bced46ab0fdb482897812:23860849163978222"]

[node name="_mesh" type="MeshInstance3D" parent="Root/Hips/Spine_01/Spine_02/SM_Item_Sword"]
mesh = ExtResource("26_3dmm1")
surface_material_override/0 = ExtResource("2_wnhgs")

[node name="Spine_03" type="Node3D" parent="Root/Hips/Spine_01/Spine_02"]
transform = Transform3D(0.975318, 0.220805, 6.48372e-17, 0.220805, -0.975318, 1.40243e-16, 9.42032e-17, -1.22465e-16, -1, 0.179037, 2.22045e-17, 7.50973e-17)
metadata/ufile_ids = ["c4e3b5d3572bced46ab0fdb482897812:4235872118088430", "c4e3b5d3572bced46ab0fdb482897812:1587426668188496"]

[node name="Clavicle_L" type="Node3D" parent="Root/Hips/Spine_01/Spine_02/Spine_03"]
transform = Transform3D(-0.0486081, 0.996564, 0.0670689, 0.467129, 0.0820338, -0.880376, -0.882852, -0.0114635, -0.469511, 0.0580117, -0.0419145, -0.0744715)
metadata/ufile_ids = ["c4e3b5d3572bced46ab0fdb482897812:4376514039302200", "c4e3b5d3572bced46ab0fdb482897812:1938783805056428"]

[node name="Shoulder_L" type="Node3D" parent="Root/Hips/Spine_01/Spine_02/Spine_03/Clavicle_L"]
transform = Transform3D(0.885509, 0.0602784, -0.460696, -0.0710111, 0.997458, -0.00598189, 0.459164, 0.0380115, 0.887538, 0.131979, -4.85723e-19, -2.66454e-17)
metadata/ufile_ids = ["c4e3b5d3572bced46ab0fdb482897812:4927553252446614", "c4e3b5d3572bced46ab0fdb482897812:1575822140021070"]

[node name="Elbow_L" type="Node3D" parent="Root/Hips/Spine_01/Spine_02/Spine_03/Clavicle_L/Shoulder_L"]
transform = Transform3D(0.993276, -0.0825021, -0.081223, 0.0822276, 0.996591, -0.00672399, 0.0815009, -2.32831e-10, 0.996673, 0.339474, -0.00144907, -0.00143626)
metadata/ufile_ids = ["c4e3b5d3572bced46ab0fdb482897812:4661503972841080", "c4e3b5d3572bced46ab0fdb482897812:1951492740814342"]

[node name="Hand_L" type="Node3D" parent="Root/Hips/Spine_01/Spine_02/Spine_03/Clavicle_L/Shoulder_L/Elbow_L"]
transform = Transform3D(0.997432, 3.33198e-15, 0.0716155, -3.33544e-15, 1, -7.12448e-17, -0.0716155, -1.67807e-16, 0.997432, 0.271145, 0, -0.000381364)
metadata/ufile_ids = ["c4e3b5d3572bced46ab0fdb482897812:4684723763925184", "c4e3b5d3572bced46ab0fdb482897812:1179690257120650"]

[node name="Finger_01" type="Node3D" parent="Root/Hips/Spine_01/Spine_02/Spine_03/Clavicle_L/Shoulder_L/Elbow_L/Hand_L"]
transform = Transform3D(0.98976, 0.11253, 0.0878153, -0.112967, 0.993599, 0, -0.0872532, -0.0099202, 0.996137, 0.0998253, -0.00115959, -0.0328334)
metadata/ufile_ids = ["c4e3b5d3572bced46ab0fdb482897812:4226881491916954", "c4e3b5d3572bced46ab0fdb482897812:1737956672922724"]

[node name="Finger_02" type="Node3D" parent="Root/Hips/Spine_01/Spine_02/Spine_03/Clavicle_L/Shoulder_L/Elbow_L/Hand_L/Finger_01"]
transform = Transform3D(0.998335, 0.042418, -0.0390799, -0.0426236, 0.999081, -0.00444316, 0.0388555, 0.00610149, 0.999226, 0.0424881, -1.05818e-17, -8.32667e-18)
metadata/ufile_ids = ["c4e3b5d3572bced46ab0fdb482897812:4547444177679856", "c4e3b5d3572bced46ab0fdb482897812:1689417016231248"]

[node name="Finger_03" type="Node3D" parent="Root/Hips/Spine_01/Spine_02/Spine_03/Clavicle_L/Shoulder_L/Elbow_L/Hand_L/Finger_01/Finger_02"]
transform = Transform3D(0.972665, 0.181128, 0.145312, -0.186317, 0.982225, 0.0228184, -0.138596, -0.0492687, 0.989123, 0.0351333, -3.00324e-16, 3.77476e-17)
metadata/ufile_ids = ["c4e3b5d3572bced46ab0fdb482897812:4643811568167204", "c4e3b5d3572bced46ab0fdb482897812:1538895828767112"]

[node name="Finger_04" type="Node3D" parent="Root/Hips/Spine_01/Spine_02/Spine_03/Clavicle_L/Shoulder_L/Elbow_L/Hand_L/Finger_01/Finger_02/Finger_03"]
transform = Transform3D(0.924156, -0.33495, -0.183697, 0.328523, 0.942236, -0.0653013, 0.194958, 0, 0.980812, 0.0300324, 2.12677e-16, -1.11022e-18)
metadata/ufile_ids = ["c4e3b5d3572bced46ab0fdb482897812:4292095564054246", "c4e3b5d3572bced46ab0fdb482897812:1617743351081466"]

[node name="IndexFinger_01" type="Node3D" parent="Root/Hips/Spine_01/Spine_02/Spine_03/Clavicle_L/Shoulder_L/Elbow_L/Hand_L"]
transform = Transform3D(0.991306, 0.00845244, -0.131305, -0.00852626, 0.999964, 0, 0.1313, 0.00111954, 0.991342, 0.103966, 0.00398715, 0.0267265)
metadata/ufile_ids = ["c4e3b5d3572bced46ab0fdb482897812:4007428034773974", "c4e3b5d3572bced46ab0fdb482897812:1596374164508878"]

[node name="IndexFinger_02" type="Node3D" parent="Root/Hips/Spine_01/Spine_02/Spine_03/Clavicle_L/Shoulder_L/Elbow_L/Hand_L/IndexFinger_01"]
transform = Transform3D(0.980432, 0.19567, 0.0216048, -0.19572, 0.98066, 0.000184215, -0.021151, -0.00440911, 0.999767, 0.0409363, -1.52764e-18, 2.44249e-17)
metadata/ufile_ids = ["c4e3b5d3572bced46ab0fdb482897812:4405255612263120", "c4e3b5d3572bced46ab0fdb482897812:1491046021013692"]

[node name="IndexFinger_03" type="Node3D" parent="Root/Hips/Spine_01/Spine_02/Spine_03/Clavicle_L/Shoulder_L/Elbow_L/Hand_L/IndexFinger_01/IndexFinger_02"]
transform = Transform3D(0.992179, 0.113423, 0.0521209, -0.114134, 0.993406, 0.0108651, -0.0505449, -0.0167289, 0.998582, 0.0379119, -2.1462e-16, -3.83027e-17)
metadata/ufile_ids = ["c4e3b5d3572bced46ab0fdb482897812:4783693797969644", "c4e3b5d3572bced46ab0fdb482897812:1814151492559870"]

[node name="IndexFinger_04" type="Node3D" parent="Root/Hips/Spine_01/Spine_02/Spine_03/Clavicle_L/Shoulder_L/Elbow_L/Hand_L/IndexFinger_01/IndexFinger_02/IndexFinger_03"]
transform = Transform3D(0.947822, -0.314209, 0.0539051, 0.313702, 0.949354, 0.017841, -0.0567808, 9.31323e-10, 0.998387, 0.0377979, -1.92841e-16, -9.99201e-18)
metadata/ufile_ids = ["c4e3b5d3572bced46ab0fdb482897812:4589535673224814", "c4e3b5d3572bced46ab0fdb482897812:1232858905344868"]

[node name="Thumb_01" type="Node3D" parent="Root/Hips/Spine_01/Spine_02/Spine_03/Clavicle_L/Shoulder_L/Elbow_L/Hand_L"]
transform = Transform3D(0.831214, 0.154317, -0.534106, -0.182534, 0.9832, 1.11759e-08, 0.525132, 0.0974924, 0.845418, 0.0351405, -0.0117069, 0.0450554)
metadata/ufile_ids = ["c4e3b5d3572bced46ab0fdb482897812:4634455369848038", "c4e3b5d3572bced46ab0fdb482897812:1937917509390648"]

[node name="Thumb_02" type="Node3D" parent="Root/Hips/Spine_01/Spine_02/Spine_03/Clavicle_L/Shoulder_L/Elbow_L/Hand_L/Thumb_01"]
transform = Transform3D(0.932106, 0.268778, 0.242769, -0.287605, 0.956688, 0.0450708, -0.22014, -0.111832, 0.969037, 0.0637021, -6.10623e-18, 4.44089e-18)
metadata/ufile_ids = ["c4e3b5d3572bced46ab0fdb482897812:4036427474862552", "c4e3b5d3572bced46ab0fdb482897812:1723628817175002"]

[node name="Thumb_03" type="Node3D" parent="Root/Hips/Spine_01/Spine_02/Spine_03/Clavicle_L/Shoulder_L/Elbow_L/Hand_L/Thumb_01/Thumb_02"]
transform = Transform3D(0.847975, -0.452915, 0.27533, 0.430776, 0.891554, 0.139869, -0.30882, 0, 0.951121, 0.0566557, 2.91156e-16, 3.9968e-17)
metadata/ufile_ids = ["c4e3b5d3572bced46ab0fdb482897812:4859970482343792", "c4e3b5d3572bced46ab0fdb482897812:1830556715076006"]

[node name="Clavicle_R" type="Node3D" parent="Root/Hips/Spine_01/Spine_02/Spine_03"]
transform = Transform3D(0.0486079, -0.996564, -0.0670688, -0.467129, -0.0820339, 0.880376, -0.882852, -0.0114635, -0.469511, 0.0580153, -0.0419142, 0.0744715)
metadata/ufile_ids = ["c4e3b5d3572bced46ab0fdb482897812:4317165360185428", "c4e3b5d3572bced46ab0fdb482897812:1016083936459710"]

[node name="Shoulder_R" type="Node3D" parent="Root/Hips/Spine_01/Spine_02/Spine_03/Clavicle_R"]
transform = Transform3D(0.885509, 0.0602784, -0.460696, -0.0710111, 0.997458, -0.00598189, 0.459164, 0.0380115, 0.887538, -0.131979, 6.47339e-06, 4.73534e-08)
metadata/ufile_ids = ["c4e3b5d3572bced46ab0fdb482897812:4253711167702004", "c4e3b5d3572bced46ab0fdb482897812:1407408391917458"]

[node name="Elbow_R" type="Node3D" parent="Root/Hips/Spine_01/Spine_02/Spine_03/Clavicle_R/Shoulder_R"]
transform = Transform3D(0.993276, -0.0825021, -0.081223, 0.0822276, 0.996591, -0.00672399, 0.0815009, -2.32831e-10, 0.996673, -0.339475, 0.00144759, 0.00143626)
metadata/ufile_ids = ["c4e3b5d3572bced46ab0fdb482897812:4315238367603596", "c4e3b5d3572bced46ab0fdb482897812:1128234426601760"]

[node name="Hand_R" type="Node3D" parent="Root/Hips/Spine_01/Spine_02/Spine_03/Clavicle_R/Shoulder_R/Elbow_R"]
transform = Transform3D(0.997432, -2.35026e-15, 0.0716155, 2.33581e-15, 1, 2.85541e-16, -0.0716155, -1.17528e-16, 0.997432, -0.271145, -2.84217e-16, 0.000381361)
metadata/ufile_ids = ["c4e3b5d3572bced46ab0fdb482897812:4290090103661980", "c4e3b5d3572bced46ab0fdb482897812:1916823016661698"]

[node name="Finger_01 1" type="Node3D" parent="Root/Hips/Spine_01/Spine_02/Spine_03/Clavicle_R/Shoulder_R/Elbow_R/Hand_R"]
transform = Transform3D(0.98976, 0.11253, 0.0878153, -0.112967, 0.993599, 0, -0.0872532, -0.0099202, 0.996137, -0.099825, 0.00116, 0.0328334)
metadata/ufile_ids = ["c4e3b5d3572bced46ab0fdb482897812:4653877302100792", "c4e3b5d3572bced46ab0fdb482897812:1418845026912530"]

[node name="Finger_02 1" type="Node3D" parent="Root/Hips/Spine_01/Spine_02/Spine_03/Clavicle_R/Shoulder_R/Elbow_R/Hand_R/Finger_01 1"]
transform = Transform3D(0.998335, 0.042418, -0.0390799, -0.0426236, 0.999081, -0.00444316, 0.0388555, 0.00610149, 0.999226, -0.0424881, 2.65344e-07, -1.97899e-08)
metadata/ufile_ids = ["c4e3b5d3572bced46ab0fdb482897812:4375125156743822", "c4e3b5d3572bced46ab0fdb482897812:1500541636183776"]

[node name="Finger_03 1" type="Node3D" parent="Root/Hips/Spine_01/Spine_02/Spine_03/Clavicle_R/Shoulder_R/Elbow_R/Hand_R/Finger_01 1/Finger_02 1"]
transform = Transform3D(0.972665, 0.181128, 0.145312, -0.186317, 0.982225, 0.0228184, -0.138596, -0.0492687, 0.989123, -0.0351332, -1.99785e-07, 1.48536e-08)
metadata/ufile_ids = ["c4e3b5d3572bced46ab0fdb482897812:4915976472802736", "c4e3b5d3572bced46ab0fdb482897812:1617545200568154"]

[node name="Finger_04 1" type="Node3D" parent="Root/Hips/Spine_01/Spine_02/Spine_03/Clavicle_R/Shoulder_R/Elbow_R/Hand_R/Finger_01 1/Finger_02 1/Finger_03 1"]
transform = Transform3D(0.924156, -0.33495, -0.183697, 0.328523, 0.942236, -0.0653013, 0.194958, 0, 0.980812, -0.0300311, 1.13347e-06, 3.5911e-07)
metadata/ufile_ids = ["c4e3b5d3572bced46ab0fdb482897812:4320477187333864", "c4e3b5d3572bced46ab0fdb482897812:1705896797678688"]

[node name="IndexFinger_01 1" type="Node3D" parent="Root/Hips/Spine_01/Spine_02/Spine_03/Clavicle_R/Shoulder_R/Elbow_R/Hand_R"]
transform = Transform3D(0.991306, 0.00845244, -0.131305, -0.00852626, 0.999964, 0, 0.1313, 0.00111954, 0.991342, -0.103966, -0.00399, -0.0267265)
metadata/ufile_ids = ["c4e3b5d3572bced46ab0fdb482897812:4326192916191204", "c4e3b5d3572bced46ab0fdb482897812:1331968147114352"]

[node name="IndexFinger_02 1" type="Node3D" parent="Root/Hips/Spine_01/Spine_02/Spine_03/Clavicle_R/Shoulder_R/Elbow_R/Hand_R/IndexFinger_01 1"]
transform = Transform3D(0.980432, 0.19567, 0.0216048, -0.19572, 0.98066, 0.000184215, -0.021151, -0.00440911, 0.999767, -0.0409359, 9.69869e-07, -4.95675e-08)
metadata/ufile_ids = ["c4e3b5d3572bced46ab0fdb482897812:4907129122221352", "c4e3b5d3572bced46ab0fdb482897812:1675079034236618"]

[node name="IndexFinger_03 1" type="Node3D" parent="Root/Hips/Spine_01/Spine_02/Spine_03/Clavicle_R/Shoulder_R/Elbow_R/Hand_R/IndexFinger_01 1/IndexFinger_02 1"]
transform = Transform3D(0.992179, 0.113423, 0.0521209, -0.114134, 0.993406, 0.0108651, -0.0505449, -0.0167289, 0.998582, -0.0379121, 3.24998e-06, -4.54529e-08)
metadata/ufile_ids = ["c4e3b5d3572bced46ab0fdb482897812:4324785716435930", "c4e3b5d3572bced46ab0fdb482897812:1230052540460946"]

[node name="IndexFinger_04 1" type="Node3D" parent="Root/Hips/Spine_01/Spine_02/Spine_03/Clavicle_R/Shoulder_R/Elbow_R/Hand_R/IndexFinger_01 1/IndexFinger_02 1/IndexFinger_03 1"]
transform = Transform3D(0.947822, -0.314209, 0.0539051, 0.313702, 0.949354, 0.017841, -0.0567808, 9.31323e-10, 0.998387, -0.0377933, -5.26571e-06, -1.55074e-07)
metadata/ufile_ids = ["c4e3b5d3572bced46ab0fdb482897812:4618570219273352", "c4e3b5d3572bced46ab0fdb482897812:1678604568671420"]

[node name="Thumb_01 1" type="Node3D" parent="Root/Hips/Spine_01/Spine_02/Spine_03/Clavicle_R/Shoulder_R/Elbow_R/Hand_R"]
transform = Transform3D(0.831214, 0.154317, -0.534106, -0.182534, 0.9832, 1.11759e-08, 0.525132, 0.0974924, 0.845418, -0.03514, 0.01171, -0.0450554)
metadata/ufile_ids = ["c4e3b5d3572bced46ab0fdb482897812:4255893737988898", "c4e3b5d3572bced46ab0fdb482897812:1553697086683276"]

[node name="Thumb_02 1" type="Node3D" parent="Root/Hips/Spine_01/Spine_02/Spine_03/Clavicle_R/Shoulder_R/Elbow_R/Hand_R/Thumb_01 1"]
transform = Transform3D(0.932106, 0.268778, 0.242769, -0.287605, 0.956688, 0.0450708, -0.22014, -0.111832, 0.969037, -0.0637015, -7.81182e-06, 4.36381e-07)
metadata/ufile_ids = ["c4e3b5d3572bced46ab0fdb482897812:4945073920849410", "c4e3b5d3572bced46ab0fdb482897812:1802542102519780"]

[node name="Thumb_03 1" type="Node3D" parent="Root/Hips/Spine_01/Spine_02/Spine_03/Clavicle_R/Shoulder_R/Elbow_R/Hand_R/Thumb_01 1/Thumb_02 1"]
transform = Transform3D(0.847975, -0.452915, 0.27533, 0.430776, 0.891554, 0.139869, -0.30882, 0, 0.951121, -0.0566551, 9.8355e-08, -2.02795e-07)
metadata/ufile_ids = ["c4e3b5d3572bced46ab0fdb482897812:4725517200216166", "c4e3b5d3572bced46ab0fdb482897812:1375719335184934"]

[node name="Neck" type="Node3D" parent="Root/Hips/Spine_01/Spine_02/Spine_03"]
transform = Transform3D(0.996517, 0.083394, -2.58936e-15, -0.083394, 0.996517, 1.85358e-16, 2.5958e-15, 3.1225e-17, 1, 0.11189, -6.66134e-18, -4.62441e-17)
metadata/ufile_ids = ["c4e3b5d3572bced46ab0fdb482897812:4500842491905826", "c4e3b5d3572bced46ab0fdb482897812:1064310196270638"]

[node name="Head" type="Node3D" parent="Root/Hips/Spine_01/Spine_02/Spine_03/Neck"]
transform = Transform3D(0, 0.987303, 0.158851, 0, 0.158851, -0.987303, -1, 0, 0, 0.121644, -1.5099e-16, -5.05918e-17)
metadata/ufile_ids = ["c4e3b5d3572bced46ab0fdb482897812:4168500796200958", "c4e3b5d3572bced46ab0fdb482897812:1361705740078464"]

[node name="Eyebrows" type="Node3D" parent="Root/Hips/Spine_01/Spine_02/Spine_03/Neck/Head"]
transform = Transform3D(1, 0, 0, 0, 1, 0, 0, 0, 1, -2.52435e-31, 0.127669, 0.122722)
metadata/ufile_ids = ["c4e3b5d3572bced46ab0fdb482897812:4462808661216792", "c4e3b5d3572bced46ab0fdb482897812:1893410338323452"]

[node name="Eyes" type="Node3D" parent="Root/Hips/Spine_01/Spine_02/Spine_03/Neck/Head"]
transform = Transform3D(1, 0, 0, 0, 1, 0, 0, 0, 1, 2.05104e-31, 0.0944761, 0.122722)
metadata/ufile_ids = ["c4e3b5d3572bced46ab0fdb482897812:4796608414567126", "c4e3b5d3572bced46ab0fdb482897812:1384262638100276"]

[node name="SM_Item_Goblin_Hair" type="Node3D" parent="Root/Hips/Spine_01/Spine_02/Spine_03/Neck/Head"]
transform = Transform3D(1, 1.11999e-14, -8.30618e-15, -1.11999e-14, 1, -3.13721e-13, 8.30618e-15, 3.13721e-13, 1, -0.00482341, 0.184513, -0.116214)
visible = false
metadata/ufile_ids = ["c4e3b5d3572bced46ab0fdb482897812:4584352927809882", "c4e3b5d3572bced46ab0fdb482897812:1227776339334620", "c4e3b5d3572bced46ab0fdb482897812:33799298228239734", "c4e3b5d3572bced46ab0fdb482897812:23089086506642464"]

[node name="_mesh" type="MeshInstance3D" parent="Root/Hips/Spine_01/Spine_02/Spine_03/Neck/Head/SM_Item_Goblin_Hair"]
mesh = ExtResource("27_2g8ur")
surface_material_override/0 = ExtResource("2_wnhgs")

[node name="SM_Item_Mask_01" type="Node3D" parent="Root/Hips/Spine_01/Spine_02/Spine_03/Neck/Head"]
transform = Transform3D(1, 1.11999e-14, -8.30618e-15, -1.11999e-14, 1, -3.13721e-13, 8.30618e-15, 3.13721e-13, 1, -1.26528e-14, -1.56911, 0.00483958)
visible = false
metadata/ufile_ids = ["c4e3b5d3572bced46ab0fdb482897812:4989555489677536", "c4e3b5d3572bced46ab0fdb482897812:1401606263484894", "c4e3b5d3572bced46ab0fdb482897812:33378757215857458", "c4e3b5d3572bced46ab0fdb482897812:23010288997146564"]

[node name="_mesh" type="MeshInstance3D" parent="Root/Hips/Spine_01/Spine_02/Spine_03/Neck/Head/SM_Item_Mask_01"]
mesh = ExtResource("28_7g2ma")
surface_material_override/0 = ExtResource("2_wnhgs")

[node name="SM_Item_Mask_02" type="Node3D" parent="Root/Hips/Spine_01/Spine_02/Spine_03/Neck/Head"]
transform = Transform3D(1, 1.11999e-14, -8.30618e-15, -1.11999e-14, 1, -3.13721e-13, 8.30618e-15, 3.13721e-13, 1, -1.26528e-14, -1.56911, 0.00483958)
visible = false
metadata/ufile_ids = ["c4e3b5d3572bced46ab0fdb482897812:4262494569712468", "c4e3b5d3572bced46ab0fdb482897812:1523565602156080", "c4e3b5d3572bced46ab0fdb482897812:33424360537819748", "c4e3b5d3572bced46ab0fdb482897812:23950530505858092"]

[node name="_mesh" type="MeshInstance3D" parent="Root/Hips/Spine_01/Spine_02/Spine_03/Neck/Head/SM_Item_Mask_02"]
mesh = ExtResource("29_5wd5t")
surface_material_override/0 = ExtResource("2_wnhgs")

[node name="UpperLeg_L" type="Node3D" parent="Root/Hips"]
transform = Transform3D(0.988277, -0.0313848, -0.149412, 0.149337, -0.00474262, 0.988775, -0.0317411, -0.999496, -1.19209e-07, -0.0411578, -0.0269207, 0.0989671)
metadata/ufile_ids = ["c4e3b5d3572bced46ab0fdb482897812:4481885493924046", "c4e3b5d3572bced46ab0fdb482897812:1079390536547324"]

[node name="LowerLeg_L" type="Node3D" parent="Root/Hips/UpperLeg_L"]
transform = Transform3D(0.998758, -0.0387686, -0.031288, -0.0242844, 0.16951, -0.985229, 0.0434995, 0.984766, 0.168358, -0.399309, -3.80503e-07, 1.46549e-16)
metadata/ufile_ids = ["c4e3b5d3572bced46ab0fdb482897812:4912859292793290", "c4e3b5d3572bced46ab0fdb482897812:1447204823990312"]

[node name="Ankle_L" type="Node3D" parent="Root/Hips/UpperLeg_L/LowerLeg_L"]
transform = Transform3D(0.482309, -0.875969, 0.00742956, -0.864116, -0.474357, 0.168194, -0.143808, -0.0875415, -0.985726, -0.377123, 1.31695e-07, -8.41104e-07)
metadata/ufile_ids = ["c4e3b5d3572bced46ab0fdb482897812:4561124858842990", "c4e3b5d3572bced46ab0fdb482897812:1469085345471238"]

[node name="Ball_L" type="Node3D" parent="Root/Hips/UpperLeg_L/LowerLeg_L/Ankle_L"]
transform = Transform3D(0.854183, -0.519973, -7.5118e-15, 0.519973, 0.854183, -9.44708e-15, 1.13287e-14, 4.16361e-15, 1, -0.11284, -1.68496e-08, -7.10543e-17)
metadata/ufile_ids = ["c4e3b5d3572bced46ab0fdb482897812:4499000972210574", "c4e3b5d3572bced46ab0fdb482897812:1320296653042108"]

[node name="Toes_L" type="Node3D" parent="Root/Hips/UpperLeg_L/LowerLeg_L/Ankle_L/Ball_L"]
transform = Transform3D(0, -7.74325e-13, 1, 0, 1, 7.74325e-13, -1, 0, 0, -0.0729575, 2.66454e-17, 1.77636e-17)
metadata/ufile_ids = ["c4e3b5d3572bced46ab0fdb482897812:4122848293828590", "c4e3b5d3572bced46ab0fdb482897812:1567888248422766"]

[node name="UpperLeg_R" type="Node3D" parent="Root/Hips"]
transform = Transform3D(-0.988277, 0.0313848, 0.149412, -0.149337, 0.00474262, -0.988775, -0.0317411, -0.999496, 5.96046e-08, -0.0411577, -0.0269207, -0.0989671)
metadata/ufile_ids = ["c4e3b5d3572bced46ab0fdb482897812:4795897058163998", "c4e3b5d3572bced46ab0fdb482897812:1505054644053912"]

[node name="LowerLeg_R" type="Node3D" parent="Root/Hips/UpperLeg_R"]
transform = Transform3D(0.998758, -0.0387686, -0.031288, -0.0242844, 0.16951, -0.985229, 0.0434995, 0.984766, 0.168358, 0.399309, -6.88338e-17, -5.33421e-17)
metadata/ufile_ids = ["c4e3b5d3572bced46ab0fdb482897812:4743159016829760", "c4e3b5d3572bced46ab0fdb482897812:1279072999667842"]

[node name="Ankle_R" type="Node3D" parent="Root/Hips/UpperLeg_R/LowerLeg_R"]
transform = Transform3D(0.482309, -0.875969, 0.00742956, -0.864116, -0.474357, 0.168194, -0.143808, -0.0875415, -0.985726, 0.377124, -7.77156e-17, 1.68199e-16)
metadata/ufile_ids = ["c4e3b5d3572bced46ab0fdb482897812:4728173917554066", "c4e3b5d3572bced46ab0fdb482897812:1227321284166738"]

[node name="Ball_R" type="Node3D" parent="Root/Hips/UpperLeg_R/LowerLeg_R/Ankle_R"]
transform = Transform3D(0.854183, -0.519973, -2.65799e-15, 0.519973, 0.854183, 7.41842e-16, 1.88467e-15, -2.01575e-15, 1, 0.11284, -1.15463e-16, -2.11335e-17)
metadata/ufile_ids = ["c4e3b5d3572bced46ab0fdb482897812:4864512401809520", "c4e3b5d3572bced46ab0fdb482897812:1174889907559568"]

[node name="Toes_R" type="Node3D" parent="Root/Hips/UpperLeg_R/LowerLeg_R/Ankle_R/Ball_R"]
transform = Transform3D(0, 5.33341e-14, 1, 0, 1, -5.33341e-14, -1, 0, 0, 0.0729576, 2.04009e-18, 3.40871e-18)
metadata/ufile_ids = ["c4e3b5d3572bced46ab0fdb482897812:4261239931375442", "c4e3b5d3572bced46ab0fdb482897812:1577401807334066"]
