[gd_scene load_steps=30 format=3]

[ext_resource type="ArrayMesh" path="res://assets/PolygonDungeon/Models/FixedScale/Characters_mesh/Character_Ghost_01_4300040.mesh" id="1_wwdrq"]
[ext_resource type="Material" path="res://assets/PolygonDungeon/Materials/Dungeon_Material_01.tres" id="2_b7l64"]
[ext_resource type="ArrayMesh" path="res://assets/PolygonDungeon/Models/FixedScale/Characters_mesh/Character_Ghost_02_4300032.mesh" id="3_seova"]
[ext_resource type="ArrayMesh" path="res://assets/PolygonDungeon/Models/FixedScale/Characters_mesh/Character_Goblin_Female_4300028.mesh" id="4_5slde"]
[ext_resource type="ArrayMesh" path="res://assets/PolygonDungeon/Models/FixedScale/Characters_mesh/Character_Goblin_Male_4300046.mesh" id="5_xjgap"]
[ext_resource type="ArrayMesh" path="res://assets/PolygonDungeon/Models/FixedScale/Characters_mesh/Character_Goblin_Shaman_4300038.mesh" id="6_ujj6c"]
[ext_resource type="ArrayMesh" path="res://assets/PolygonDungeon/Models/FixedScale/Characters_mesh/Character_Goblin_WarChief_4300052.mesh" id="7_0dkoy"]
[ext_resource type="ArrayMesh" path="res://assets/PolygonDungeon/Models/FixedScale/Characters_mesh/Character_Goblin_Warrior_Female_4300024.mesh" id="8_d0mxi"]
[ext_resource type="ArrayMesh" path="res://assets/PolygonDungeon/Models/FixedScale/Characters_mesh/Character_Goblin_Warrior_Male_4300034.mesh" id="9_ykuws"]
[ext_resource type="ArrayMesh" path="res://assets/PolygonDungeon/Models/FixedScale/Characters_mesh/Character_Hero_Knight_Female_4300030.mesh" id="10_grkrr"]
[ext_resource type="ArrayMesh" path="res://assets/PolygonDungeon/Models/FixedScale/Characters_mesh/Character_Hero_Knight_Male_4300048.mesh" id="11_01656"]
[ext_resource type="ArrayMesh" path="res://assets/PolygonDungeon/Models/FixedScale/Characters_mesh/Character_Rock_Golem_4300036.mesh" id="12_slunl"]
[ext_resource type="ArrayMesh" path="res://assets/PolygonDungeon/Models/FixedScale/Characters_mesh/Character_Skeleton_Knight_4300026.mesh" id="13_ubqrx"]
[ext_resource type="ArrayMesh" path="res://assets/PolygonDungeon/Models/FixedScale/Characters_mesh/Character_Skeleton_Slave_01_4300050.mesh" id="14_crdn4"]
[ext_resource type="ArrayMesh" path="res://assets/PolygonDungeon/Models/FixedScale/Characters_mesh/Character_Skeleton_Soldier_01_4300054.mesh" id="15_xjkjy"]
[ext_resource type="ArrayMesh" path="res://assets/PolygonDungeon/Models/FixedScale/Characters_mesh/Character_Skeleton_Soldier_02_4300044.mesh" id="16_h1wsv"]
[ext_resource type="ArrayMesh" path="res://assets/PolygonDungeon/Models/FixedScale/Characters_mesh/Character_Tormented_Soul_4300042.mesh" id="17_iwpaf"]
[ext_resource type="ArrayMesh" path="res://assets/PolygonDungeon/Models/FixedScale/Characters_mesh/SM_Item_Bag_Large_4300022.mesh" id="18_yg61y"]
[ext_resource type="ArrayMesh" path="res://assets/PolygonDungeon/Models/FixedScale/Characters_mesh/SM_Item_Bags_4300014.mesh" id="19_s4qr0"]
[ext_resource type="ArrayMesh" path="res://assets/PolygonDungeon/Models/FixedScale/Characters_mesh/SM_Item_Bones_4300020.mesh" id="20_3ql34"]
[ext_resource type="ArrayMesh" path="res://assets/PolygonDungeon/Models/FixedScale/Characters_mesh/SM_Item_Horn_4300018.mesh" id="21_7ddae"]
[ext_resource type="ArrayMesh" path="res://assets/PolygonDungeon/Models/FixedScale/Characters_mesh/SM_Item_Shrooms_4300016.mesh" id="22_aij7c"]
[ext_resource type="ArrayMesh" path="res://assets/PolygonDungeon/Models/FixedScale/Characters_mesh/SM_Item_Shrunken_Head_4300012.mesh" id="23_y41hm"]
[ext_resource type="ArrayMesh" path="res://assets/PolygonDungeon/Models/FixedScale/Characters_mesh/SM_Item_Goblin_WarBanner_4300006.mesh" id="24_nla12"]
[ext_resource type="ArrayMesh" path="res://assets/PolygonDungeon/Models/FixedScale/Characters_mesh/SM_Item_Shield_4300010.mesh" id="25_3xkav"]
[ext_resource type="ArrayMesh" path="res://assets/PolygonDungeon/Models/FixedScale/Characters_mesh/SM_Item_Sword_4300008.mesh" id="26_xuoll"]
[ext_resource type="ArrayMesh" path="res://assets/PolygonDungeon/Models/FixedScale/Characters_mesh/SM_Item_Goblin_Hair_4300000.mesh" id="27_yehnl"]
[ext_resource type="ArrayMesh" path="res://assets/PolygonDungeon/Models/FixedScale/Characters_mesh/SM_Item_Mask_01_4300002.mesh" id="28_advjv"]
[ext_resource type="ArrayMesh" path="res://assets/PolygonDungeon/Models/FixedScale/Characters_mesh/SM_Item_Mask_02_4300004.mesh" id="29_2y04y"]

[node name="Character_Hero_Knight_Male_FixedScale" type="Node3D"]
metadata/ufile_ids = ["a96b63f27d072234bbc3d7818166e4eb:4524380348334466", "a96b63f27d072234bbc3d7818166e4eb:1428387009061096", "a96b63f27d072234bbc3d7818166e4eb:95682664710827838"]

[node name="Character_Ghost_01" type="Node3D" parent="."]
visible = false
metadata/ufile_ids = ["a96b63f27d072234bbc3d7818166e4eb:4255695150343456", "a96b63f27d072234bbc3d7818166e4eb:1738790156906398", "a96b63f27d072234bbc3d7818166e4eb:137768278366106040"]

[node name="_mesh" type="MeshInstance3D" parent="Character_Ghost_01"]
mesh = ExtResource("1_wwdrq")
surface_material_override/0 = ExtResource("2_b7l64")

[node name="Character_Ghost_02" type="Node3D" parent="."]
visible = false
metadata/ufile_ids = ["a96b63f27d072234bbc3d7818166e4eb:4373536047748414", "a96b63f27d072234bbc3d7818166e4eb:1036103700557260", "a96b63f27d072234bbc3d7818166e4eb:137132034989292988"]

[node name="_mesh" type="MeshInstance3D" parent="Character_Ghost_02"]
mesh = ExtResource("3_seova")
surface_material_override/0 = ExtResource("2_b7l64")

[node name="Character_Goblin_Female" type="Node3D" parent="."]
visible = false
metadata/ufile_ids = ["a96b63f27d072234bbc3d7818166e4eb:4214836167793220", "a96b63f27d072234bbc3d7818166e4eb:1431232119466428", "a96b63f27d072234bbc3d7818166e4eb:137161580521825452"]

[node name="_mesh" type="MeshInstance3D" parent="Character_Goblin_Female"]
mesh = ExtResource("4_5slde")
surface_material_override/0 = ExtResource("2_b7l64")

[node name="Character_Goblin_Male" type="Node3D" parent="."]
visible = false
metadata/ufile_ids = ["a96b63f27d072234bbc3d7818166e4eb:4649874537621676", "a96b63f27d072234bbc3d7818166e4eb:1537246959180234", "a96b63f27d072234bbc3d7818166e4eb:137772586268287662"]

[node name="_mesh" type="MeshInstance3D" parent="Character_Goblin_Male"]
mesh = ExtResource("5_xjgap")
surface_material_override/0 = ExtResource("2_b7l64")

[node name="Character_Goblin_Shaman" type="Node3D" parent="."]
visible = false
metadata/ufile_ids = ["a96b63f27d072234bbc3d7818166e4eb:4341332361255268", "a96b63f27d072234bbc3d7818166e4eb:1720025785451418", "a96b63f27d072234bbc3d7818166e4eb:137625847356728790"]

[node name="_mesh" type="MeshInstance3D" parent="Character_Goblin_Shaman"]
mesh = ExtResource("6_ujj6c")
surface_material_override/0 = ExtResource("2_b7l64")

[node name="Character_Goblin_WarChief" type="Node3D" parent="."]
visible = false
metadata/ufile_ids = ["a96b63f27d072234bbc3d7818166e4eb:4278187309064048", "a96b63f27d072234bbc3d7818166e4eb:1571902285347292", "a96b63f27d072234bbc3d7818166e4eb:137947692415300706"]

[node name="_mesh" type="MeshInstance3D" parent="Character_Goblin_WarChief"]
mesh = ExtResource("7_0dkoy")
surface_material_override/0 = ExtResource("2_b7l64")

[node name="Character_Goblin_Warrior_Female" type="Node3D" parent="."]
visible = false
metadata/ufile_ids = ["a96b63f27d072234bbc3d7818166e4eb:4272128930415540", "a96b63f27d072234bbc3d7818166e4eb:1441028318842882", "a96b63f27d072234bbc3d7818166e4eb:137031999216539904"]

[node name="_mesh" type="MeshInstance3D" parent="Character_Goblin_Warrior_Female"]
mesh = ExtResource("8_d0mxi")
surface_material_override/0 = ExtResource("2_b7l64")

[node name="Character_Goblin_Warrior_Male" type="Node3D" parent="."]
visible = false
metadata/ufile_ids = ["a96b63f27d072234bbc3d7818166e4eb:4030496762373640", "a96b63f27d072234bbc3d7818166e4eb:1450202841989798", "a96b63f27d072234bbc3d7818166e4eb:137909172473365834"]

[node name="_mesh" type="MeshInstance3D" parent="Character_Goblin_Warrior_Male"]
mesh = ExtResource("9_ykuws")
surface_material_override/0 = ExtResource("2_b7l64")

[node name="Character_Hero_Knight_Female" type="Node3D" parent="."]
visible = false
metadata/ufile_ids = ["a96b63f27d072234bbc3d7818166e4eb:4197896032625020", "a96b63f27d072234bbc3d7818166e4eb:1070019989274158", "a96b63f27d072234bbc3d7818166e4eb:137230991459271892"]

[node name="_mesh" type="MeshInstance3D" parent="Character_Hero_Knight_Female"]
mesh = ExtResource("10_grkrr")
surface_material_override/0 = ExtResource("2_b7l64")

[node name="Character_Hero_Knight_Male" type="Node3D" parent="."]
metadata/ufile_ids = ["a96b63f27d072234bbc3d7818166e4eb:4576823145527750", "a96b63f27d072234bbc3d7818166e4eb:1112453611159998", "a96b63f27d072234bbc3d7818166e4eb:137354848389747224"]

[node name="_mesh" type="MeshInstance3D" parent="Character_Hero_Knight_Male"]
mesh = ExtResource("11_01656")
surface_material_override/0 = ExtResource("2_b7l64")

[node name="Character_Rock_Golem" type="Node3D" parent="."]
visible = false
metadata/ufile_ids = ["a96b63f27d072234bbc3d7818166e4eb:4022900962203208", "a96b63f27d072234bbc3d7818166e4eb:1718243031623594", "a96b63f27d072234bbc3d7818166e4eb:137399002751681582"]

[node name="_mesh" type="MeshInstance3D" parent="Character_Rock_Golem"]
mesh = ExtResource("12_slunl")
surface_material_override/0 = ExtResource("2_b7l64")

[node name="Character_Skeleton_Knight" type="Node3D" parent="."]
visible = false
metadata/ufile_ids = ["a96b63f27d072234bbc3d7818166e4eb:4220018680436032", "a96b63f27d072234bbc3d7818166e4eb:1757648819399216", "a96b63f27d072234bbc3d7818166e4eb:137207125613384724"]

[node name="_mesh" type="MeshInstance3D" parent="Character_Skeleton_Knight"]
mesh = ExtResource("13_ubqrx")
surface_material_override/0 = ExtResource("2_b7l64")

[node name="Character_Skeleton_Slave_01" type="Node3D" parent="."]
visible = false
metadata/ufile_ids = ["a96b63f27d072234bbc3d7818166e4eb:4784899700128490", "a96b63f27d072234bbc3d7818166e4eb:1380956598077318", "a96b63f27d072234bbc3d7818166e4eb:137323317555480570"]

[node name="_mesh" type="MeshInstance3D" parent="Character_Skeleton_Slave_01"]
mesh = ExtResource("14_crdn4")
surface_material_override/0 = ExtResource("2_b7l64")

[node name="Character_Skeleton_Soldier_01" type="Node3D" parent="."]
visible = false
metadata/ufile_ids = ["a96b63f27d072234bbc3d7818166e4eb:4611121769563826", "a96b63f27d072234bbc3d7818166e4eb:1083655200302314", "a96b63f27d072234bbc3d7818166e4eb:137821570411643486"]

[node name="_mesh" type="MeshInstance3D" parent="Character_Skeleton_Soldier_01"]
mesh = ExtResource("15_xjkjy")
surface_material_override/0 = ExtResource("2_b7l64")

[node name="Character_Skeleton_Soldier_02" type="Node3D" parent="."]
visible = false
metadata/ufile_ids = ["a96b63f27d072234bbc3d7818166e4eb:4844631825532598", "a96b63f27d072234bbc3d7818166e4eb:1663348311220844", "a96b63f27d072234bbc3d7818166e4eb:137750732833430990"]

[node name="_mesh" type="MeshInstance3D" parent="Character_Skeleton_Soldier_02"]
mesh = ExtResource("16_h1wsv")
surface_material_override/0 = ExtResource("2_b7l64")

[node name="Character_Tormented_Soul" type="Node3D" parent="."]
visible = false
metadata/ufile_ids = ["a96b63f27d072234bbc3d7818166e4eb:4659999948040570", "a96b63f27d072234bbc3d7818166e4eb:1414396701770418", "a96b63f27d072234bbc3d7818166e4eb:137007390604716214"]

[node name="_mesh" type="MeshInstance3D" parent="Character_Tormented_Soul"]
mesh = ExtResource("17_iwpaf")
surface_material_override/0 = ExtResource("2_b7l64")

[node name="Root" type="Node3D" parent="."]
metadata/ufile_ids = ["a96b63f27d072234bbc3d7818166e4eb:4538945724340176", "a96b63f27d072234bbc3d7818166e4eb:1662966123381230"]

[node name="Hips" type="Node3D" parent="Root"]
transform = Transform3D(0, 0, 1, 0.988775, 0.149412, 0, -0.149412, 0.988775, 0, 0, 0.876276, 0)
metadata/ufile_ids = ["a96b63f27d072234bbc3d7818166e4eb:4275228798755442", "a96b63f27d072234bbc3d7818166e4eb:1177017976003696"]

[node name="SM_Item_Bag_Large" type="Node3D" parent="Root/Hips"]
transform = Transform3D(0, 0.988775, -0.149412, 0, 0.149412, 0.988775, 1, 0, 0, 0.0734897, 0.0111049, -0.206229)
visible = false
metadata/ufile_ids = ["a96b63f27d072234bbc3d7818166e4eb:4521956326541398", "a96b63f27d072234bbc3d7818166e4eb:1979759255134004", "a96b63f27d072234bbc3d7818166e4eb:33910535064687456", "a96b63f27d072234bbc3d7818166e4eb:23832569475457968"]

[node name="_mesh" type="MeshInstance3D" parent="Root/Hips/SM_Item_Bag_Large"]
mesh = ExtResource("18_yg61y")
surface_material_override/0 = ExtResource("2_b7l64")

[node name="SM_Item_Bags" type="Node3D" parent="Root/Hips"]
transform = Transform3D(0, 0.988775, -0.149412, 0, 0.149412, 0.988775, 1, 0, 0, 0.0734897, 0.0111049, -0.206229)
visible = false
metadata/ufile_ids = ["a96b63f27d072234bbc3d7818166e4eb:4643991327675440", "a96b63f27d072234bbc3d7818166e4eb:1755932671915298", "a96b63f27d072234bbc3d7818166e4eb:33787598701380296", "a96b63f27d072234bbc3d7818166e4eb:23439845531074746"]

[node name="_mesh" type="MeshInstance3D" parent="Root/Hips/SM_Item_Bags"]
mesh = ExtResource("19_s4qr0")
surface_material_override/0 = ExtResource("2_b7l64")

[node name="SM_Item_Bones" type="Node3D" parent="Root/Hips"]
transform = Transform3D(0, 0.988775, -0.149412, 0, 0.149412, 0.988775, 1, 0, 0, 0.0902181, 0.0136327, -0.187515)
visible = false
metadata/ufile_ids = ["a96b63f27d072234bbc3d7818166e4eb:4891374421447098", "a96b63f27d072234bbc3d7818166e4eb:1189589078240044", "a96b63f27d072234bbc3d7818166e4eb:33986393579136756", "a96b63f27d072234bbc3d7818166e4eb:23226146160070468"]

[node name="_mesh" type="MeshInstance3D" parent="Root/Hips/SM_Item_Bones"]
mesh = ExtResource("20_3ql34")
surface_material_override/0 = ExtResource("2_b7l64")

[node name="SM_Item_Horn" type="Node3D" parent="Root/Hips"]
transform = Transform3D(0, 0.988775, -0.149412, 0, 0.149412, 0.988775, 1, 0, 0, 0.0795274, 0.0120172, 0.165818)
visible = false
metadata/ufile_ids = ["a96b63f27d072234bbc3d7818166e4eb:4962835845008218", "a96b63f27d072234bbc3d7818166e4eb:1731173647052734", "a96b63f27d072234bbc3d7818166e4eb:33198074825149382", "a96b63f27d072234bbc3d7818166e4eb:23270261868489378"]

[node name="_mesh" type="MeshInstance3D" parent="Root/Hips/SM_Item_Horn"]
mesh = ExtResource("21_7ddae")
surface_material_override/0 = ExtResource("2_b7l64")

[node name="SM_Item_Shrooms" type="Node3D" parent="Root/Hips"]
transform = Transform3D(0, 0.988775, -0.149412, 0, 0.149412, 0.988775, 1, 0, 0, 0.0617986, 0.00933827, 0.189238)
visible = false
metadata/ufile_ids = ["a96b63f27d072234bbc3d7818166e4eb:4898415827399708", "a96b63f27d072234bbc3d7818166e4eb:1812391810508926", "a96b63f27d072234bbc3d7818166e4eb:33545301612550364", "a96b63f27d072234bbc3d7818166e4eb:23909370494425696"]

[node name="_mesh" type="MeshInstance3D" parent="Root/Hips/SM_Item_Shrooms"]
mesh = ExtResource("22_aij7c")
surface_material_override/0 = ExtResource("2_b7l64")

[node name="SM_Item_Shrunken_Head" type="Node3D" parent="Root/Hips"]
transform = Transform3D(-0.122535, 0.939419, 0.32012, 0.991102, 0.0989298, 0.0890537, 0.0519893, 0.328184, -0.943182, 0.0656217, -0.00134331, -0.176248)
visible = false
metadata/ufile_ids = ["a96b63f27d072234bbc3d7818166e4eb:4888277585084252", "a96b63f27d072234bbc3d7818166e4eb:1723584336164382", "a96b63f27d072234bbc3d7818166e4eb:33605588813474898", "a96b63f27d072234bbc3d7818166e4eb:23872656281867446"]

[node name="_mesh" type="MeshInstance3D" parent="Root/Hips/SM_Item_Shrunken_Head"]
mesh = ExtResource("23_y41hm")
surface_material_override/0 = ExtResource("2_b7l64")

[node name="Spine_01" type="Node3D" parent="Root/Hips"]
transform = Transform3D(0.980128, 0.198365, -2.61763e-15, 0.198365, -0.980128, -4.04826e-16, -2.64591e-15, -1.22465e-16, -1, 0.103933, 1.33227e-17, 4.61554e-17)
metadata/ufile_ids = ["a96b63f27d072234bbc3d7818166e4eb:4592023067555380", "a96b63f27d072234bbc3d7818166e4eb:1298374087262984"]

[node name="Spine_02" type="Node3D" parent="Root/Hips/Spine_01"]
transform = Transform3D(0.980791, 0.195062, 1.17531e-15, 0.195062, -0.980791, 3.58611e-16, 1.22268e-15, -1.22465e-16, -1, 0.181512, 1.55431e-17, -7.10107e-17)
metadata/ufile_ids = ["a96b63f27d072234bbc3d7818166e4eb:4242686131545052", "a96b63f27d072234bbc3d7818166e4eb:1686200780041422"]

[node name="SM_Item_Goblin_WarBanner" type="Node3D" parent="Root/Hips/Spine_01/Spine_02"]
transform = Transform3D(0, 0.989273, -0.14608, 0, 0.14608, 0.989273, 1, 0, 0, 0.100745, -0.137135, 3.42695e-15)
visible = false
metadata/ufile_ids = ["a96b63f27d072234bbc3d7818166e4eb:4842707848133918", "a96b63f27d072234bbc3d7818166e4eb:1393361005623032", "a96b63f27d072234bbc3d7818166e4eb:33141021702348116", "a96b63f27d072234bbc3d7818166e4eb:23417831931409662"]

[node name="_mesh" type="MeshInstance3D" parent="Root/Hips/Spine_01/Spine_02/SM_Item_Goblin_WarBanner"]
mesh = ExtResource("24_nla12")
surface_material_override/0 = ExtResource("2_b7l64")

[node name="SM_Item_Shield" type="Node3D" parent="Root/Hips/Spine_01/Spine_02"]
transform = Transform3D(0, 0.989273, -0.14608, 0, 0.14608, 0.989273, 1, 0, 0, 0.194008, -0.0959115, 4.07389e-15)
visible = false
metadata/ufile_ids = ["a96b63f27d072234bbc3d7818166e4eb:4509982393297834", "a96b63f27d072234bbc3d7818166e4eb:1472239225985696", "a96b63f27d072234bbc3d7818166e4eb:33756733988111146", "a96b63f27d072234bbc3d7818166e4eb:23793196475333808"]

[node name="_mesh" type="MeshInstance3D" parent="Root/Hips/Spine_01/Spine_02/SM_Item_Shield"]
mesh = ExtResource("25_3xkav")
surface_material_override/0 = ExtResource("2_b7l64")

[node name="SM_Item_Sword" type="Node3D" parent="Root/Hips/Spine_01/Spine_02"]
transform = Transform3D(0, 0.989273, -0.14608, 0, 0.14608, 0.989273, 1, 0, 0, 0.169072, -0.120668, 3.97542e-15)
visible = false
metadata/ufile_ids = ["a96b63f27d072234bbc3d7818166e4eb:4648238193212704", "a96b63f27d072234bbc3d7818166e4eb:1369848445423176", "a96b63f27d072234bbc3d7818166e4eb:33256482146353152", "a96b63f27d072234bbc3d7818166e4eb:23078038792521144"]

[node name="_mesh" type="MeshInstance3D" parent="Root/Hips/Spine_01/Spine_02/SM_Item_Sword"]
mesh = ExtResource("26_xuoll")
surface_material_override/0 = ExtResource("2_b7l64")

[node name="Spine_03" type="Node3D" parent="Root/Hips/Spine_01/Spine_02"]
transform = Transform3D(0.975318, 0.220805, 6.48372e-17, 0.220805, -0.975318, 1.40243e-16, 9.42032e-17, -1.22465e-16, -1, 0.179037, 2.22045e-17, 7.50973e-17)
metadata/ufile_ids = ["a96b63f27d072234bbc3d7818166e4eb:4325107747831330", "a96b63f27d072234bbc3d7818166e4eb:1126531154772852"]

[node name="Clavicle_L" type="Node3D" parent="Root/Hips/Spine_01/Spine_02/Spine_03"]
transform = Transform3D(-0.0486081, 0.996564, 0.0670689, 0.467129, 0.0820338, -0.880376, -0.882852, -0.0114635, -0.469511, 0.0580117, -0.0419145, -0.0744715)
metadata/ufile_ids = ["a96b63f27d072234bbc3d7818166e4eb:4106111675511848", "a96b63f27d072234bbc3d7818166e4eb:1523379620009982"]

[node name="Shoulder_L" type="Node3D" parent="Root/Hips/Spine_01/Spine_02/Spine_03/Clavicle_L"]
transform = Transform3D(0.885509, 0.0602784, -0.460696, -0.0710111, 0.997458, -0.00598189, 0.459164, 0.0380115, 0.887538, 0.131979, -4.85723e-19, -2.66454e-17)
metadata/ufile_ids = ["a96b63f27d072234bbc3d7818166e4eb:4531622191734880", "a96b63f27d072234bbc3d7818166e4eb:1191943932459400"]

[node name="Elbow_L" type="Node3D" parent="Root/Hips/Spine_01/Spine_02/Spine_03/Clavicle_L/Shoulder_L"]
transform = Transform3D(0.993276, -0.0825021, -0.081223, 0.0822276, 0.996591, -0.00672399, 0.0815009, -2.32831e-10, 0.996673, 0.339474, -0.00144907, -0.00143626)
metadata/ufile_ids = ["a96b63f27d072234bbc3d7818166e4eb:4845313096876772", "a96b63f27d072234bbc3d7818166e4eb:1772285328377612"]

[node name="Hand_L" type="Node3D" parent="Root/Hips/Spine_01/Spine_02/Spine_03/Clavicle_L/Shoulder_L/Elbow_L"]
transform = Transform3D(0.997432, 3.33198e-15, 0.0716155, -3.33544e-15, 1, -7.12448e-17, -0.0716155, -1.67807e-16, 0.997432, 0.271145, 0, -0.000381364)
metadata/ufile_ids = ["a96b63f27d072234bbc3d7818166e4eb:4139452749197756", "a96b63f27d072234bbc3d7818166e4eb:1507931624742242"]

[node name="Finger_01" type="Node3D" parent="Root/Hips/Spine_01/Spine_02/Spine_03/Clavicle_L/Shoulder_L/Elbow_L/Hand_L"]
transform = Transform3D(0.98976, 0.11253, 0.0878153, -0.112967, 0.993599, 0, -0.0872532, -0.0099202, 0.996137, 0.0998253, -0.00115959, -0.0328334)
metadata/ufile_ids = ["a96b63f27d072234bbc3d7818166e4eb:4436020129496300", "a96b63f27d072234bbc3d7818166e4eb:1354937189210464"]

[node name="Finger_02" type="Node3D" parent="Root/Hips/Spine_01/Spine_02/Spine_03/Clavicle_L/Shoulder_L/Elbow_L/Hand_L/Finger_01"]
transform = Transform3D(0.998335, 0.042418, -0.0390799, -0.0426236, 0.999081, -0.00444316, 0.0388555, 0.00610149, 0.999226, 0.0424881, -1.05818e-17, -8.32667e-18)
metadata/ufile_ids = ["a96b63f27d072234bbc3d7818166e4eb:4097668306472764", "a96b63f27d072234bbc3d7818166e4eb:1641169557942426"]

[node name="Finger_03" type="Node3D" parent="Root/Hips/Spine_01/Spine_02/Spine_03/Clavicle_L/Shoulder_L/Elbow_L/Hand_L/Finger_01/Finger_02"]
transform = Transform3D(0.972665, 0.181128, 0.145312, -0.186317, 0.982225, 0.0228184, -0.138596, -0.0492687, 0.989123, 0.0351333, -3.00324e-16, 3.77476e-17)
metadata/ufile_ids = ["a96b63f27d072234bbc3d7818166e4eb:4093675419353948", "a96b63f27d072234bbc3d7818166e4eb:1734888853011404"]

[node name="Finger_04" type="Node3D" parent="Root/Hips/Spine_01/Spine_02/Spine_03/Clavicle_L/Shoulder_L/Elbow_L/Hand_L/Finger_01/Finger_02/Finger_03"]
transform = Transform3D(0.924156, -0.33495, -0.183697, 0.328523, 0.942236, -0.0653013, 0.194958, 0, 0.980812, 0.0300324, 2.12677e-16, -1.11022e-18)
metadata/ufile_ids = ["a96b63f27d072234bbc3d7818166e4eb:4186329032375852", "a96b63f27d072234bbc3d7818166e4eb:1295202147793550"]

[node name="IndexFinger_01" type="Node3D" parent="Root/Hips/Spine_01/Spine_02/Spine_03/Clavicle_L/Shoulder_L/Elbow_L/Hand_L"]
transform = Transform3D(0.991306, 0.00845244, -0.131305, -0.00852626, 0.999964, 0, 0.1313, 0.00111954, 0.991342, 0.103966, 0.00398715, 0.0267265)
metadata/ufile_ids = ["a96b63f27d072234bbc3d7818166e4eb:4988636673491628", "a96b63f27d072234bbc3d7818166e4eb:1588201909823462"]

[node name="IndexFinger_02" type="Node3D" parent="Root/Hips/Spine_01/Spine_02/Spine_03/Clavicle_L/Shoulder_L/Elbow_L/Hand_L/IndexFinger_01"]
transform = Transform3D(0.980432, 0.19567, 0.0216048, -0.19572, 0.98066, 0.000184215, -0.021151, -0.00440911, 0.999767, 0.0409363, -1.52764e-18, 2.44249e-17)
metadata/ufile_ids = ["a96b63f27d072234bbc3d7818166e4eb:4066034382833068", "a96b63f27d072234bbc3d7818166e4eb:1523451234700998"]

[node name="IndexFinger_03" type="Node3D" parent="Root/Hips/Spine_01/Spine_02/Spine_03/Clavicle_L/Shoulder_L/Elbow_L/Hand_L/IndexFinger_01/IndexFinger_02"]
transform = Transform3D(0.992179, 0.113423, 0.0521209, -0.114134, 0.993406, 0.0108651, -0.0505449, -0.0167289, 0.998582, 0.0379119, -2.1462e-16, -3.83027e-17)
metadata/ufile_ids = ["a96b63f27d072234bbc3d7818166e4eb:4914238714085602", "a96b63f27d072234bbc3d7818166e4eb:1147306730882108"]

[node name="IndexFinger_04" type="Node3D" parent="Root/Hips/Spine_01/Spine_02/Spine_03/Clavicle_L/Shoulder_L/Elbow_L/Hand_L/IndexFinger_01/IndexFinger_02/IndexFinger_03"]
transform = Transform3D(0.947822, -0.314209, 0.0539051, 0.313702, 0.949354, 0.017841, -0.0567808, 9.31323e-10, 0.998387, 0.0377979, -1.92841e-16, -9.99201e-18)
metadata/ufile_ids = ["a96b63f27d072234bbc3d7818166e4eb:4352088324502870", "a96b63f27d072234bbc3d7818166e4eb:1297002330232322"]

[node name="Thumb_01" type="Node3D" parent="Root/Hips/Spine_01/Spine_02/Spine_03/Clavicle_L/Shoulder_L/Elbow_L/Hand_L"]
transform = Transform3D(0.831214, 0.154317, -0.534106, -0.182534, 0.9832, 1.11759e-08, 0.525132, 0.0974924, 0.845418, 0.0351405, -0.0117069, 0.0450554)
metadata/ufile_ids = ["a96b63f27d072234bbc3d7818166e4eb:4059493238136974", "a96b63f27d072234bbc3d7818166e4eb:1780289817471636"]

[node name="Thumb_02" type="Node3D" parent="Root/Hips/Spine_01/Spine_02/Spine_03/Clavicle_L/Shoulder_L/Elbow_L/Hand_L/Thumb_01"]
transform = Transform3D(0.932106, 0.268778, 0.242769, -0.287605, 0.956688, 0.0450708, -0.22014, -0.111832, 0.969037, 0.0637021, -6.10623e-18, 4.44089e-18)
metadata/ufile_ids = ["a96b63f27d072234bbc3d7818166e4eb:4438666518801472", "a96b63f27d072234bbc3d7818166e4eb:1556257189207812"]

[node name="Thumb_03" type="Node3D" parent="Root/Hips/Spine_01/Spine_02/Spine_03/Clavicle_L/Shoulder_L/Elbow_L/Hand_L/Thumb_01/Thumb_02"]
transform = Transform3D(0.847975, -0.452915, 0.27533, 0.430776, 0.891554, 0.139869, -0.30882, 0, 0.951121, 0.0566557, 2.91156e-16, 3.9968e-17)
metadata/ufile_ids = ["a96b63f27d072234bbc3d7818166e4eb:4692953894193074", "a96b63f27d072234bbc3d7818166e4eb:1311370854330682"]

[node name="Clavicle_R" type="Node3D" parent="Root/Hips/Spine_01/Spine_02/Spine_03"]
transform = Transform3D(0.0486079, -0.996564, -0.0670688, -0.467129, -0.0820339, 0.880376, -0.882852, -0.0114635, -0.469511, 0.0580153, -0.0419142, 0.0744715)
metadata/ufile_ids = ["a96b63f27d072234bbc3d7818166e4eb:4246926466955302", "a96b63f27d072234bbc3d7818166e4eb:1596824955597640"]

[node name="Shoulder_R" type="Node3D" parent="Root/Hips/Spine_01/Spine_02/Spine_03/Clavicle_R"]
transform = Transform3D(0.885509, 0.0602784, -0.460696, -0.0710111, 0.997458, -0.00598189, 0.459164, 0.0380115, 0.887538, -0.131979, 6.47339e-06, 4.73534e-08)
metadata/ufile_ids = ["a96b63f27d072234bbc3d7818166e4eb:4610638887786844", "a96b63f27d072234bbc3d7818166e4eb:1972178584221360"]

[node name="Elbow_R" type="Node3D" parent="Root/Hips/Spine_01/Spine_02/Spine_03/Clavicle_R/Shoulder_R"]
transform = Transform3D(0.993276, -0.0825021, -0.081223, 0.0822276, 0.996591, -0.00672399, 0.0815009, -2.32831e-10, 0.996673, -0.339475, 0.00144759, 0.00143626)
metadata/ufile_ids = ["a96b63f27d072234bbc3d7818166e4eb:4190370280928230", "a96b63f27d072234bbc3d7818166e4eb:1101206458850174"]

[node name="Hand_R" type="Node3D" parent="Root/Hips/Spine_01/Spine_02/Spine_03/Clavicle_R/Shoulder_R/Elbow_R"]
transform = Transform3D(0.997432, -2.35026e-15, 0.0716155, 2.33581e-15, 1, 2.85541e-16, -0.0716155, -1.17528e-16, 0.997432, -0.271145, -2.84217e-16, 0.000381361)
metadata/ufile_ids = ["a96b63f27d072234bbc3d7818166e4eb:4522242208468910", "a96b63f27d072234bbc3d7818166e4eb:1290877685818526"]

[node name="Finger_01 1" type="Node3D" parent="Root/Hips/Spine_01/Spine_02/Spine_03/Clavicle_R/Shoulder_R/Elbow_R/Hand_R"]
transform = Transform3D(0.98976, 0.11253, 0.0878153, -0.112967, 0.993599, 0, -0.0872532, -0.0099202, 0.996137, -0.099825, 0.00116, 0.0328334)
metadata/ufile_ids = ["a96b63f27d072234bbc3d7818166e4eb:4391972713466390", "a96b63f27d072234bbc3d7818166e4eb:1613659802420550"]

[node name="Finger_02 1" type="Node3D" parent="Root/Hips/Spine_01/Spine_02/Spine_03/Clavicle_R/Shoulder_R/Elbow_R/Hand_R/Finger_01 1"]
transform = Transform3D(0.998335, 0.042418, -0.0390799, -0.0426236, 0.999081, -0.00444316, 0.0388555, 0.00610149, 0.999226, -0.0424881, 2.65344e-07, -1.97899e-08)
metadata/ufile_ids = ["a96b63f27d072234bbc3d7818166e4eb:4805093652862358", "a96b63f27d072234bbc3d7818166e4eb:1241590913421636"]

[node name="Finger_03 1" type="Node3D" parent="Root/Hips/Spine_01/Spine_02/Spine_03/Clavicle_R/Shoulder_R/Elbow_R/Hand_R/Finger_01 1/Finger_02 1"]
transform = Transform3D(0.972665, 0.181128, 0.145312, -0.186317, 0.982225, 0.0228184, -0.138596, -0.0492687, 0.989123, -0.0351332, -1.99785e-07, 1.48536e-08)
metadata/ufile_ids = ["a96b63f27d072234bbc3d7818166e4eb:4797361019040650", "a96b63f27d072234bbc3d7818166e4eb:1172112536654148"]

[node name="Finger_04 1" type="Node3D" parent="Root/Hips/Spine_01/Spine_02/Spine_03/Clavicle_R/Shoulder_R/Elbow_R/Hand_R/Finger_01 1/Finger_02 1/Finger_03 1"]
transform = Transform3D(0.924156, -0.33495, -0.183697, 0.328523, 0.942236, -0.0653013, 0.194958, 0, 0.980812, -0.0300311, 1.13347e-06, 3.5911e-07)
metadata/ufile_ids = ["a96b63f27d072234bbc3d7818166e4eb:4377946347925108", "a96b63f27d072234bbc3d7818166e4eb:1173417808399816"]

[node name="IndexFinger_01 1" type="Node3D" parent="Root/Hips/Spine_01/Spine_02/Spine_03/Clavicle_R/Shoulder_R/Elbow_R/Hand_R"]
transform = Transform3D(0.991306, 0.00845244, -0.131305, -0.00852626, 0.999964, 0, 0.1313, 0.00111954, 0.991342, -0.103966, -0.00399, -0.0267265)
metadata/ufile_ids = ["a96b63f27d072234bbc3d7818166e4eb:4395415569318536", "a96b63f27d072234bbc3d7818166e4eb:1756540249101594"]

[node name="IndexFinger_02 1" type="Node3D" parent="Root/Hips/Spine_01/Spine_02/Spine_03/Clavicle_R/Shoulder_R/Elbow_R/Hand_R/IndexFinger_01 1"]
transform = Transform3D(0.980432, 0.19567, 0.0216048, -0.19572, 0.98066, 0.000184215, -0.021151, -0.00440911, 0.999767, -0.0409359, 9.69869e-07, -4.95675e-08)
metadata/ufile_ids = ["a96b63f27d072234bbc3d7818166e4eb:4805442561459312", "a96b63f27d072234bbc3d7818166e4eb:1197951121414382"]

[node name="IndexFinger_03 1" type="Node3D" parent="Root/Hips/Spine_01/Spine_02/Spine_03/Clavicle_R/Shoulder_R/Elbow_R/Hand_R/IndexFinger_01 1/IndexFinger_02 1"]
transform = Transform3D(0.992179, 0.113423, 0.0521209, -0.114134, 0.993406, 0.0108651, -0.0505449, -0.0167289, 0.998582, -0.0379121, 3.24998e-06, -4.54529e-08)
metadata/ufile_ids = ["a96b63f27d072234bbc3d7818166e4eb:4478620524861342", "a96b63f27d072234bbc3d7818166e4eb:1834897934120130"]

[node name="IndexFinger_04 1" type="Node3D" parent="Root/Hips/Spine_01/Spine_02/Spine_03/Clavicle_R/Shoulder_R/Elbow_R/Hand_R/IndexFinger_01 1/IndexFinger_02 1/IndexFinger_03 1"]
transform = Transform3D(0.947822, -0.314209, 0.0539051, 0.313702, 0.949354, 0.017841, -0.0567808, 9.31323e-10, 0.998387, -0.0377933, -5.26571e-06, -1.55074e-07)
metadata/ufile_ids = ["a96b63f27d072234bbc3d7818166e4eb:4230761522402420", "a96b63f27d072234bbc3d7818166e4eb:1077175639473260"]

[node name="Thumb_01 1" type="Node3D" parent="Root/Hips/Spine_01/Spine_02/Spine_03/Clavicle_R/Shoulder_R/Elbow_R/Hand_R"]
transform = Transform3D(0.831214, 0.154317, -0.534106, -0.182534, 0.9832, 1.11759e-08, 0.525132, 0.0974924, 0.845418, -0.03514, 0.01171, -0.0450554)
metadata/ufile_ids = ["a96b63f27d072234bbc3d7818166e4eb:4028772841461146", "a96b63f27d072234bbc3d7818166e4eb:1384880871177708"]

[node name="Thumb_02 1" type="Node3D" parent="Root/Hips/Spine_01/Spine_02/Spine_03/Clavicle_R/Shoulder_R/Elbow_R/Hand_R/Thumb_01 1"]
transform = Transform3D(0.932106, 0.268778, 0.242769, -0.287605, 0.956688, 0.0450708, -0.22014, -0.111832, 0.969037, -0.0637015, -7.81182e-06, 4.36381e-07)
metadata/ufile_ids = ["a96b63f27d072234bbc3d7818166e4eb:4961845799628038", "a96b63f27d072234bbc3d7818166e4eb:1285244422632122"]

[node name="Thumb_03 1" type="Node3D" parent="Root/Hips/Spine_01/Spine_02/Spine_03/Clavicle_R/Shoulder_R/Elbow_R/Hand_R/Thumb_01 1/Thumb_02 1"]
transform = Transform3D(0.847975, -0.452915, 0.27533, 0.430776, 0.891554, 0.139869, -0.30882, 0, 0.951121, -0.0566551, 9.8355e-08, -2.02795e-07)
metadata/ufile_ids = ["a96b63f27d072234bbc3d7818166e4eb:4349118732440012", "a96b63f27d072234bbc3d7818166e4eb:1736701388856336"]

[node name="Neck" type="Node3D" parent="Root/Hips/Spine_01/Spine_02/Spine_03"]
transform = Transform3D(0.996517, 0.083394, -2.58936e-15, -0.083394, 0.996517, 1.85358e-16, 2.5958e-15, 3.1225e-17, 1, 0.11189, -6.66134e-18, -4.62441e-17)
metadata/ufile_ids = ["a96b63f27d072234bbc3d7818166e4eb:4222084789045766", "a96b63f27d072234bbc3d7818166e4eb:1781147734026414"]

[node name="Head" type="Node3D" parent="Root/Hips/Spine_01/Spine_02/Spine_03/Neck"]
transform = Transform3D(0, 0.987303, 0.158851, 0, 0.158851, -0.987303, -1, 0, 0, 0.121644, -1.5099e-16, -5.05918e-17)
metadata/ufile_ids = ["a96b63f27d072234bbc3d7818166e4eb:4503741005034020", "a96b63f27d072234bbc3d7818166e4eb:1577877087679056"]

[node name="Eyebrows" type="Node3D" parent="Root/Hips/Spine_01/Spine_02/Spine_03/Neck/Head"]
transform = Transform3D(1, 0, 0, 0, 1, 0, 0, 0, 1, -2.52435e-31, 0.127669, 0.122722)
metadata/ufile_ids = ["a96b63f27d072234bbc3d7818166e4eb:4178972308071194", "a96b63f27d072234bbc3d7818166e4eb:1273884831045638"]

[node name="Eyes" type="Node3D" parent="Root/Hips/Spine_01/Spine_02/Spine_03/Neck/Head"]
transform = Transform3D(1, 0, 0, 0, 1, 0, 0, 0, 1, 2.05104e-31, 0.0944761, 0.122722)
metadata/ufile_ids = ["a96b63f27d072234bbc3d7818166e4eb:4889981893142164", "a96b63f27d072234bbc3d7818166e4eb:1762079139512788"]

[node name="SM_Item_Goblin_Hair" type="Node3D" parent="Root/Hips/Spine_01/Spine_02/Spine_03/Neck/Head"]
transform = Transform3D(1, 1.11999e-14, -8.30618e-15, -1.11999e-14, 1, -3.13721e-13, 8.30618e-15, 3.13721e-13, 1, -0.00482341, 0.184513, -0.116214)
visible = false
metadata/ufile_ids = ["a96b63f27d072234bbc3d7818166e4eb:4144619278497114", "a96b63f27d072234bbc3d7818166e4eb:1415471432693832", "a96b63f27d072234bbc3d7818166e4eb:33010864024395286", "a96b63f27d072234bbc3d7818166e4eb:23639298070390662"]

[node name="_mesh" type="MeshInstance3D" parent="Root/Hips/Spine_01/Spine_02/Spine_03/Neck/Head/SM_Item_Goblin_Hair"]
mesh = ExtResource("27_yehnl")
surface_material_override/0 = ExtResource("2_b7l64")

[node name="SM_Item_Mask_01" type="Node3D" parent="Root/Hips/Spine_01/Spine_02/Spine_03/Neck/Head"]
transform = Transform3D(1, 1.11999e-14, -8.30618e-15, -1.11999e-14, 1, -3.13721e-13, 8.30618e-15, 3.13721e-13, 1, -1.26528e-14, -1.56911, 0.00483958)
visible = false
metadata/ufile_ids = ["a96b63f27d072234bbc3d7818166e4eb:4973739864412218", "a96b63f27d072234bbc3d7818166e4eb:1757399191043986", "a96b63f27d072234bbc3d7818166e4eb:33370517775583576", "a96b63f27d072234bbc3d7818166e4eb:23219773491802332"]

[node name="_mesh" type="MeshInstance3D" parent="Root/Hips/Spine_01/Spine_02/Spine_03/Neck/Head/SM_Item_Mask_01"]
mesh = ExtResource("28_advjv")
surface_material_override/0 = ExtResource("2_b7l64")

[node name="SM_Item_Mask_02" type="Node3D" parent="Root/Hips/Spine_01/Spine_02/Spine_03/Neck/Head"]
transform = Transform3D(1, 1.11999e-14, -8.30618e-15, -1.11999e-14, 1, -3.13721e-13, 8.30618e-15, 3.13721e-13, 1, -1.26528e-14, -1.56911, 0.00483958)
visible = false
metadata/ufile_ids = ["a96b63f27d072234bbc3d7818166e4eb:4070112034657146", "a96b63f27d072234bbc3d7818166e4eb:1382264171020348", "a96b63f27d072234bbc3d7818166e4eb:33630385154017718", "a96b63f27d072234bbc3d7818166e4eb:23596123941203830"]

[node name="_mesh" type="MeshInstance3D" parent="Root/Hips/Spine_01/Spine_02/Spine_03/Neck/Head/SM_Item_Mask_02"]
mesh = ExtResource("29_2y04y")
surface_material_override/0 = ExtResource("2_b7l64")

[node name="UpperLeg_L" type="Node3D" parent="Root/Hips"]
transform = Transform3D(0.988277, -0.0313848, -0.149412, 0.149337, -0.00474262, 0.988775, -0.0317411, -0.999496, -1.19209e-07, -0.0411578, -0.0269207, 0.0989671)
metadata/ufile_ids = ["a96b63f27d072234bbc3d7818166e4eb:4163038681956790", "a96b63f27d072234bbc3d7818166e4eb:1508449461657200"]

[node name="LowerLeg_L" type="Node3D" parent="Root/Hips/UpperLeg_L"]
transform = Transform3D(0.998758, -0.0387686, -0.031288, -0.0242844, 0.16951, -0.985229, 0.0434995, 0.984766, 0.168358, -0.399309, -3.80503e-07, 1.46549e-16)
metadata/ufile_ids = ["a96b63f27d072234bbc3d7818166e4eb:4693198132481420", "a96b63f27d072234bbc3d7818166e4eb:1315533409054574"]

[node name="Ankle_L" type="Node3D" parent="Root/Hips/UpperLeg_L/LowerLeg_L"]
transform = Transform3D(0.482309, -0.875969, 0.00742956, -0.864116, -0.474357, 0.168194, -0.143808, -0.0875415, -0.985726, -0.377123, 1.31695e-07, -8.41104e-07)
metadata/ufile_ids = ["a96b63f27d072234bbc3d7818166e4eb:4794221659203688", "a96b63f27d072234bbc3d7818166e4eb:1814195482611464"]

[node name="Ball_L" type="Node3D" parent="Root/Hips/UpperLeg_L/LowerLeg_L/Ankle_L"]
transform = Transform3D(0.854183, -0.519973, -7.5118e-15, 0.519973, 0.854183, -9.44708e-15, 1.13287e-14, 4.16361e-15, 1, -0.11284, -1.68496e-08, -7.10543e-17)
metadata/ufile_ids = ["a96b63f27d072234bbc3d7818166e4eb:4517105012110188", "a96b63f27d072234bbc3d7818166e4eb:1751349386376018"]

[node name="Toes_L" type="Node3D" parent="Root/Hips/UpperLeg_L/LowerLeg_L/Ankle_L/Ball_L"]
transform = Transform3D(0, -7.74325e-13, 1, 0, 1, 7.74325e-13, -1, 0, 0, -0.0729575, 2.66454e-17, 1.77636e-17)
metadata/ufile_ids = ["a96b63f27d072234bbc3d7818166e4eb:4085259134530672", "a96b63f27d072234bbc3d7818166e4eb:1492494942557164"]

[node name="UpperLeg_R" type="Node3D" parent="Root/Hips"]
transform = Transform3D(-0.988277, 0.0313848, 0.149412, -0.149337, 0.00474262, -0.988775, -0.0317411, -0.999496, 5.96046e-08, -0.0411577, -0.0269207, -0.0989671)
metadata/ufile_ids = ["a96b63f27d072234bbc3d7818166e4eb:4325364170058964", "a96b63f27d072234bbc3d7818166e4eb:1143762016872162"]

[node name="LowerLeg_R" type="Node3D" parent="Root/Hips/UpperLeg_R"]
transform = Transform3D(0.998758, -0.0387686, -0.031288, -0.0242844, 0.16951, -0.985229, 0.0434995, 0.984766, 0.168358, 0.399309, -6.88338e-17, -5.33421e-17)
metadata/ufile_ids = ["a96b63f27d072234bbc3d7818166e4eb:4370653453355342", "a96b63f27d072234bbc3d7818166e4eb:1441968797916276"]

[node name="Ankle_R" type="Node3D" parent="Root/Hips/UpperLeg_R/LowerLeg_R"]
transform = Transform3D(0.482309, -0.875969, 0.00742956, -0.864116, -0.474357, 0.168194, -0.143808, -0.0875415, -0.985726, 0.377124, -7.77156e-17, 1.68199e-16)
metadata/ufile_ids = ["a96b63f27d072234bbc3d7818166e4eb:4191983318647940", "a96b63f27d072234bbc3d7818166e4eb:1845238173816510"]

[node name="Ball_R" type="Node3D" parent="Root/Hips/UpperLeg_R/LowerLeg_R/Ankle_R"]
transform = Transform3D(0.854183, -0.519973, -2.65799e-15, 0.519973, 0.854183, 7.41842e-16, 1.88467e-15, -2.01575e-15, 1, 0.11284, -1.15463e-16, -2.11335e-17)
metadata/ufile_ids = ["a96b63f27d072234bbc3d7818166e4eb:4724566018535276", "a96b63f27d072234bbc3d7818166e4eb:1470517779228686"]

[node name="Toes_R" type="Node3D" parent="Root/Hips/UpperLeg_R/LowerLeg_R/Ankle_R/Ball_R"]
transform = Transform3D(0, 5.33341e-14, 1, 0, 1, -5.33341e-14, -1, 0, 0, 0.0729576, 2.04009e-18, 3.40871e-18)
metadata/ufile_ids = ["a96b63f27d072234bbc3d7818166e4eb:4915329571876640", "a96b63f27d072234bbc3d7818166e4eb:1048930628609402"]
