[gd_scene load_steps=30 format=3]

[ext_resource type="ArrayMesh" path="res://assets/PolygonDungeon/Models/FixedScale/Characters_mesh/Character_Ghost_01_4300040.mesh" id="1_qis1n"]
[ext_resource type="Material" path="res://assets/PolygonDungeon/Materials/Dungeon_Material_01.tres" id="2_yado3"]
[ext_resource type="ArrayMesh" path="res://assets/PolygonDungeon/Models/FixedScale/Characters_mesh/Character_Ghost_02_4300032.mesh" id="3_bn1t6"]
[ext_resource type="ArrayMesh" path="res://assets/PolygonDungeon/Models/FixedScale/Characters_mesh/Character_Goblin_Female_4300028.mesh" id="4_rw2rj"]
[ext_resource type="ArrayMesh" path="res://assets/PolygonDungeon/Models/FixedScale/Characters_mesh/Character_Goblin_Male_4300046.mesh" id="5_ew3px"]
[ext_resource type="ArrayMesh" path="res://assets/PolygonDungeon/Models/FixedScale/Characters_mesh/Character_Goblin_Shaman_4300038.mesh" id="6_x5h7n"]
[ext_resource type="ArrayMesh" path="res://assets/PolygonDungeon/Models/FixedScale/Characters_mesh/Character_Goblin_WarChief_4300052.mesh" id="7_jsmwa"]
[ext_resource type="ArrayMesh" path="res://assets/PolygonDungeon/Models/FixedScale/Characters_mesh/Character_Goblin_Warrior_Female_4300024.mesh" id="8_p2vq5"]
[ext_resource type="ArrayMesh" path="res://assets/PolygonDungeon/Models/FixedScale/Characters_mesh/Character_Goblin_Warrior_Male_4300034.mesh" id="9_oxqmb"]
[ext_resource type="ArrayMesh" path="res://assets/PolygonDungeon/Models/FixedScale/Characters_mesh/Character_Hero_Knight_Female_4300030.mesh" id="10_2nore"]
[ext_resource type="ArrayMesh" path="res://assets/PolygonDungeon/Models/FixedScale/Characters_mesh/Character_Hero_Knight_Male_4300048.mesh" id="11_ige3q"]
[ext_resource type="ArrayMesh" path="res://assets/PolygonDungeon/Models/FixedScale/Characters_mesh/Character_Rock_Golem_4300036.mesh" id="12_qe7by"]
[ext_resource type="ArrayMesh" path="res://assets/PolygonDungeon/Models/FixedScale/Characters_mesh/Character_Skeleton_Knight_4300026.mesh" id="13_10um6"]
[ext_resource type="ArrayMesh" path="res://assets/PolygonDungeon/Models/FixedScale/Characters_mesh/Character_Skeleton_Slave_01_4300050.mesh" id="14_gkof1"]
[ext_resource type="ArrayMesh" path="res://assets/PolygonDungeon/Models/FixedScale/Characters_mesh/Character_Skeleton_Soldier_01_4300054.mesh" id="15_4gmed"]
[ext_resource type="ArrayMesh" path="res://assets/PolygonDungeon/Models/FixedScale/Characters_mesh/Character_Skeleton_Soldier_02_4300044.mesh" id="16_51s2o"]
[ext_resource type="ArrayMesh" path="res://assets/PolygonDungeon/Models/FixedScale/Characters_mesh/Character_Tormented_Soul_4300042.mesh" id="17_7rj38"]
[ext_resource type="ArrayMesh" path="res://assets/PolygonDungeon/Models/FixedScale/Characters_mesh/SM_Item_Bag_Large_4300022.mesh" id="18_gde2d"]
[ext_resource type="ArrayMesh" path="res://assets/PolygonDungeon/Models/FixedScale/Characters_mesh/SM_Item_Bags_4300014.mesh" id="19_4l8fe"]
[ext_resource type="ArrayMesh" path="res://assets/PolygonDungeon/Models/FixedScale/Characters_mesh/SM_Item_Bones_4300020.mesh" id="20_ng1oo"]
[ext_resource type="ArrayMesh" path="res://assets/PolygonDungeon/Models/FixedScale/Characters_mesh/SM_Item_Horn_4300018.mesh" id="21_mreh2"]
[ext_resource type="ArrayMesh" path="res://assets/PolygonDungeon/Models/FixedScale/Characters_mesh/SM_Item_Shrooms_4300016.mesh" id="22_fxewp"]
[ext_resource type="ArrayMesh" path="res://assets/PolygonDungeon/Models/FixedScale/Characters_mesh/SM_Item_Shrunken_Head_4300012.mesh" id="23_1rk7w"]
[ext_resource type="ArrayMesh" path="res://assets/PolygonDungeon/Models/FixedScale/Characters_mesh/SM_Item_Goblin_WarBanner_4300006.mesh" id="24_srk3a"]
[ext_resource type="ArrayMesh" path="res://assets/PolygonDungeon/Models/FixedScale/Characters_mesh/SM_Item_Shield_4300010.mesh" id="25_0r3d7"]
[ext_resource type="ArrayMesh" path="res://assets/PolygonDungeon/Models/FixedScale/Characters_mesh/SM_Item_Sword_4300008.mesh" id="26_48ta2"]
[ext_resource type="ArrayMesh" path="res://assets/PolygonDungeon/Models/FixedScale/Characters_mesh/SM_Item_Goblin_Hair_4300000.mesh" id="27_8wytn"]
[ext_resource type="ArrayMesh" path="res://assets/PolygonDungeon/Models/FixedScale/Characters_mesh/SM_Item_Mask_01_4300002.mesh" id="28_8btvj"]
[ext_resource type="ArrayMesh" path="res://assets/PolygonDungeon/Models/FixedScale/Characters_mesh/SM_Item_Mask_02_4300004.mesh" id="29_hq1o2"]

[node name="Character_Skeleton_Soldier_01_FixedScale" type="Node3D"]
metadata/ufile_ids = ["aa4de824abd97724da42ffc9d2b3c275:4336874656255028", "aa4de824abd97724da42ffc9d2b3c275:1547369703441942", "aa4de824abd97724da42ffc9d2b3c275:95960775912527714"]

[node name="Character_Ghost_01" type="Node3D" parent="."]
visible = false
metadata/ufile_ids = ["aa4de824abd97724da42ffc9d2b3c275:4157403415999700", "aa4de824abd97724da42ffc9d2b3c275:1123021179782346", "aa4de824abd97724da42ffc9d2b3c275:137983440635868168"]

[node name="_mesh" type="MeshInstance3D" parent="Character_Ghost_01"]
mesh = ExtResource("1_qis1n")
surface_material_override/0 = ExtResource("2_yado3")

[node name="Character_Ghost_02" type="Node3D" parent="."]
visible = false
metadata/ufile_ids = ["aa4de824abd97724da42ffc9d2b3c275:4171917891386074", "aa4de824abd97724da42ffc9d2b3c275:1599539846291250", "aa4de824abd97724da42ffc9d2b3c275:137335374645626338"]

[node name="_mesh" type="MeshInstance3D" parent="Character_Ghost_02"]
mesh = ExtResource("3_bn1t6")
surface_material_override/0 = ExtResource("2_yado3")

[node name="Character_Goblin_Female" type="Node3D" parent="."]
visible = false
metadata/ufile_ids = ["aa4de824abd97724da42ffc9d2b3c275:4480388054691322", "aa4de824abd97724da42ffc9d2b3c275:1636809371833222", "aa4de824abd97724da42ffc9d2b3c275:137600529882245954"]

[node name="_mesh" type="MeshInstance3D" parent="Character_Goblin_Female"]
mesh = ExtResource("4_rw2rj")
surface_material_override/0 = ExtResource("2_yado3")

[node name="Character_Goblin_Male" type="Node3D" parent="."]
visible = false
metadata/ufile_ids = ["aa4de824abd97724da42ffc9d2b3c275:4604674334658966", "aa4de824abd97724da42ffc9d2b3c275:1950251568169036", "aa4de824abd97724da42ffc9d2b3c275:137387190281128164"]

[node name="_mesh" type="MeshInstance3D" parent="Character_Goblin_Male"]
mesh = ExtResource("5_ew3px")
surface_material_override/0 = ExtResource("2_yado3")

[node name="Character_Goblin_Shaman" type="Node3D" parent="."]
visible = false
metadata/ufile_ids = ["aa4de824abd97724da42ffc9d2b3c275:4733420915137174", "aa4de824abd97724da42ffc9d2b3c275:1333312707040388", "aa4de824abd97724da42ffc9d2b3c275:137295282323943208"]

[node name="_mesh" type="MeshInstance3D" parent="Character_Goblin_Shaman"]
mesh = ExtResource("6_x5h7n")
surface_material_override/0 = ExtResource("2_yado3")

[node name="Character_Goblin_WarChief" type="Node3D" parent="."]
visible = false
metadata/ufile_ids = ["aa4de824abd97724da42ffc9d2b3c275:4767830601506660", "aa4de824abd97724da42ffc9d2b3c275:1849639622644094", "aa4de824abd97724da42ffc9d2b3c275:137863017643382386"]

[node name="_mesh" type="MeshInstance3D" parent="Character_Goblin_WarChief"]
mesh = ExtResource("7_jsmwa")
surface_material_override/0 = ExtResource("2_yado3")

[node name="Character_Goblin_Warrior_Female" type="Node3D" parent="."]
visible = false
metadata/ufile_ids = ["aa4de824abd97724da42ffc9d2b3c275:4111574091376078", "aa4de824abd97724da42ffc9d2b3c275:1567544154808028", "aa4de824abd97724da42ffc9d2b3c275:137708965807547146"]

[node name="_mesh" type="MeshInstance3D" parent="Character_Goblin_Warrior_Female"]
mesh = ExtResource("8_p2vq5")
surface_material_override/0 = ExtResource("2_yado3")

[node name="Character_Goblin_Warrior_Male" type="Node3D" parent="."]
visible = false
metadata/ufile_ids = ["aa4de824abd97724da42ffc9d2b3c275:4116907960651642", "aa4de824abd97724da42ffc9d2b3c275:1316436005551510", "aa4de824abd97724da42ffc9d2b3c275:137342407387094356"]

[node name="_mesh" type="MeshInstance3D" parent="Character_Goblin_Warrior_Male"]
mesh = ExtResource("9_oxqmb")
surface_material_override/0 = ExtResource("2_yado3")

[node name="Character_Hero_Knight_Female" type="Node3D" parent="."]
visible = false
metadata/ufile_ids = ["aa4de824abd97724da42ffc9d2b3c275:4945689067070934", "aa4de824abd97724da42ffc9d2b3c275:1890595643122690", "aa4de824abd97724da42ffc9d2b3c275:137137133175148854"]

[node name="_mesh" type="MeshInstance3D" parent="Character_Hero_Knight_Female"]
mesh = ExtResource("10_2nore")
surface_material_override/0 = ExtResource("2_yado3")

[node name="Character_Hero_Knight_Male" type="Node3D" parent="."]
visible = false
metadata/ufile_ids = ["aa4de824abd97724da42ffc9d2b3c275:4417225619681202", "aa4de824abd97724da42ffc9d2b3c275:1314921928031058", "aa4de824abd97724da42ffc9d2b3c275:137331960047302128"]

[node name="_mesh" type="MeshInstance3D" parent="Character_Hero_Knight_Male"]
mesh = ExtResource("11_ige3q")
surface_material_override/0 = ExtResource("2_yado3")

[node name="Character_Rock_Golem" type="Node3D" parent="."]
visible = false
metadata/ufile_ids = ["aa4de824abd97724da42ffc9d2b3c275:4134895160508714", "aa4de824abd97724da42ffc9d2b3c275:1650794340765160", "aa4de824abd97724da42ffc9d2b3c275:137682825399007414"]

[node name="_mesh" type="MeshInstance3D" parent="Character_Rock_Golem"]
mesh = ExtResource("12_qe7by")
surface_material_override/0 = ExtResource("2_yado3")

[node name="Character_Skeleton_Knight" type="Node3D" parent="."]
visible = false
metadata/ufile_ids = ["aa4de824abd97724da42ffc9d2b3c275:4571851263590204", "aa4de824abd97724da42ffc9d2b3c275:1780694675797586", "aa4de824abd97724da42ffc9d2b3c275:137892205468003746"]

[node name="_mesh" type="MeshInstance3D" parent="Character_Skeleton_Knight"]
mesh = ExtResource("13_10um6")
surface_material_override/0 = ExtResource("2_yado3")

[node name="Character_Skeleton_Slave_01" type="Node3D" parent="."]
visible = false
metadata/ufile_ids = ["aa4de824abd97724da42ffc9d2b3c275:4909517824054172", "aa4de824abd97724da42ffc9d2b3c275:1054942657557686", "aa4de824abd97724da42ffc9d2b3c275:137067228006834532"]

[node name="_mesh" type="MeshInstance3D" parent="Character_Skeleton_Slave_01"]
mesh = ExtResource("14_gkof1")
surface_material_override/0 = ExtResource("2_yado3")

[node name="Character_Skeleton_Soldier_01" type="Node3D" parent="."]
metadata/ufile_ids = ["aa4de824abd97724da42ffc9d2b3c275:4597328244341094", "aa4de824abd97724da42ffc9d2b3c275:1567495747675774", "aa4de824abd97724da42ffc9d2b3c275:137776321382217066"]

[node name="_mesh" type="MeshInstance3D" parent="Character_Skeleton_Soldier_01"]
mesh = ExtResource("15_4gmed")
surface_material_override/0 = ExtResource("2_yado3")

[node name="Character_Skeleton_Soldier_02" type="Node3D" parent="."]
visible = false
metadata/ufile_ids = ["aa4de824abd97724da42ffc9d2b3c275:4802061925613548", "aa4de824abd97724da42ffc9d2b3c275:1008057586827426", "aa4de824abd97724da42ffc9d2b3c275:137371877227660948"]

[node name="_mesh" type="MeshInstance3D" parent="Character_Skeleton_Soldier_02"]
mesh = ExtResource("16_51s2o")
surface_material_override/0 = ExtResource("2_yado3")

[node name="Character_Tormented_Soul" type="Node3D" parent="."]
visible = false
metadata/ufile_ids = ["aa4de824abd97724da42ffc9d2b3c275:4261132532867814", "aa4de824abd97724da42ffc9d2b3c275:1375780537252184", "aa4de824abd97724da42ffc9d2b3c275:137733319274499416"]

[node name="_mesh" type="MeshInstance3D" parent="Character_Tormented_Soul"]
mesh = ExtResource("17_7rj38")
surface_material_override/0 = ExtResource("2_yado3")

[node name="Root" type="Node3D" parent="."]
metadata/ufile_ids = ["aa4de824abd97724da42ffc9d2b3c275:4059586113970856", "aa4de824abd97724da42ffc9d2b3c275:1427720126061808"]

[node name="Hips" type="Node3D" parent="Root"]
transform = Transform3D(0, 0, 1, 0.988775, 0.149412, 0, -0.149412, 0.988775, 0, 0, 0.876276, 0)
metadata/ufile_ids = ["aa4de824abd97724da42ffc9d2b3c275:4979230488212128", "aa4de824abd97724da42ffc9d2b3c275:1851209119297672"]

[node name="SM_Item_Bag_Large" type="Node3D" parent="Root/Hips"]
transform = Transform3D(0, 0.988775, -0.149412, 0, 0.149412, 0.988775, 1, 0, 0, 0.0734897, 0.0111049, -0.206229)
visible = false
metadata/ufile_ids = ["aa4de824abd97724da42ffc9d2b3c275:4362142328642678", "aa4de824abd97724da42ffc9d2b3c275:1512592892811880", "aa4de824abd97724da42ffc9d2b3c275:33862655219356022", "aa4de824abd97724da42ffc9d2b3c275:23155414054856346"]

[node name="_mesh" type="MeshInstance3D" parent="Root/Hips/SM_Item_Bag_Large"]
mesh = ExtResource("18_gde2d")
surface_material_override/0 = ExtResource("2_yado3")

[node name="SM_Item_Bags" type="Node3D" parent="Root/Hips"]
transform = Transform3D(0, 0.988775, -0.149412, 0, 0.149412, 0.988775, 1, 0, 0, 0.0734897, 0.0111049, -0.206229)
visible = false
metadata/ufile_ids = ["aa4de824abd97724da42ffc9d2b3c275:4737832412429934", "aa4de824abd97724da42ffc9d2b3c275:1732360688953416", "aa4de824abd97724da42ffc9d2b3c275:33844757711285558", "aa4de824abd97724da42ffc9d2b3c275:23867139706937064"]

[node name="_mesh" type="MeshInstance3D" parent="Root/Hips/SM_Item_Bags"]
mesh = ExtResource("19_4l8fe")
surface_material_override/0 = ExtResource("2_yado3")

[node name="SM_Item_Bones" type="Node3D" parent="Root/Hips"]
transform = Transform3D(0, 0.988775, -0.149412, 0, 0.149412, 0.988775, 1, 0, 0, 0.0902181, 0.0136327, -0.187515)
visible = false
metadata/ufile_ids = ["aa4de824abd97724da42ffc9d2b3c275:4226591787155288", "aa4de824abd97724da42ffc9d2b3c275:1176555630557296", "aa4de824abd97724da42ffc9d2b3c275:33715353001977146", "aa4de824abd97724da42ffc9d2b3c275:23272338562125850"]

[node name="_mesh" type="MeshInstance3D" parent="Root/Hips/SM_Item_Bones"]
mesh = ExtResource("20_ng1oo")
surface_material_override/0 = ExtResource("2_yado3")

[node name="SM_Item_Horn" type="Node3D" parent="Root/Hips"]
transform = Transform3D(0, 0.988775, -0.149412, 0, 0.149412, 0.988775, 1, 0, 0, 0.0795274, 0.0120172, 0.165818)
visible = false
metadata/ufile_ids = ["aa4de824abd97724da42ffc9d2b3c275:4150707972842602", "aa4de824abd97724da42ffc9d2b3c275:1083258586221358", "aa4de824abd97724da42ffc9d2b3c275:33303795545594044", "aa4de824abd97724da42ffc9d2b3c275:23531854537619506"]

[node name="_mesh" type="MeshInstance3D" parent="Root/Hips/SM_Item_Horn"]
mesh = ExtResource("21_mreh2")
surface_material_override/0 = ExtResource("2_yado3")

[node name="SM_Item_Shrooms" type="Node3D" parent="Root/Hips"]
transform = Transform3D(0, 0.988775, -0.149412, 0, 0.149412, 0.988775, 1, 0, 0, 0.0617986, 0.00933827, 0.189238)
visible = false
metadata/ufile_ids = ["aa4de824abd97724da42ffc9d2b3c275:4325882462949128", "aa4de824abd97724da42ffc9d2b3c275:1465603165817346", "aa4de824abd97724da42ffc9d2b3c275:33248088160235136", "aa4de824abd97724da42ffc9d2b3c275:23405862410259654"]

[node name="_mesh" type="MeshInstance3D" parent="Root/Hips/SM_Item_Shrooms"]
mesh = ExtResource("22_fxewp")
surface_material_override/0 = ExtResource("2_yado3")

[node name="SM_Item_Shrunken_Head" type="Node3D" parent="Root/Hips"]
transform = Transform3D(-0.122535, 0.939419, 0.32012, 0.991102, 0.0989298, 0.0890537, 0.0519893, 0.328184, -0.943182, 0.0656217, -0.00134331, -0.176248)
visible = false
metadata/ufile_ids = ["aa4de824abd97724da42ffc9d2b3c275:4564762294877418", "aa4de824abd97724da42ffc9d2b3c275:1394612056312458", "aa4de824abd97724da42ffc9d2b3c275:33053112972232856", "aa4de824abd97724da42ffc9d2b3c275:23398421063150034"]

[node name="_mesh" type="MeshInstance3D" parent="Root/Hips/SM_Item_Shrunken_Head"]
mesh = ExtResource("23_1rk7w")
surface_material_override/0 = ExtResource("2_yado3")

[node name="Spine_01" type="Node3D" parent="Root/Hips"]
transform = Transform3D(0.980128, 0.198365, -2.61763e-15, 0.198365, -0.980128, -4.04826e-16, -2.64591e-15, -1.22465e-16, -1, 0.103933, 1.33227e-17, 4.61554e-17)
metadata/ufile_ids = ["aa4de824abd97724da42ffc9d2b3c275:4457857303174996", "aa4de824abd97724da42ffc9d2b3c275:1580845829152032"]

[node name="Spine_02" type="Node3D" parent="Root/Hips/Spine_01"]
transform = Transform3D(0.980791, 0.195062, 1.17531e-15, 0.195062, -0.980791, 3.58611e-16, 1.22268e-15, -1.22465e-16, -1, 0.181512, 1.55431e-17, -7.10107e-17)
metadata/ufile_ids = ["aa4de824abd97724da42ffc9d2b3c275:4628309161035690", "aa4de824abd97724da42ffc9d2b3c275:1818184668952592"]

[node name="SM_Item_Goblin_WarBanner" type="Node3D" parent="Root/Hips/Spine_01/Spine_02"]
transform = Transform3D(0, 0.989273, -0.14608, 0, 0.14608, 0.989273, 1, 0, 0, 0.100745, -0.137135, 3.42695e-15)
visible = false
metadata/ufile_ids = ["aa4de824abd97724da42ffc9d2b3c275:4973215040399800", "aa4de824abd97724da42ffc9d2b3c275:1560986680030268", "aa4de824abd97724da42ffc9d2b3c275:33216710703368130", "aa4de824abd97724da42ffc9d2b3c275:23988654905182564"]

[node name="_mesh" type="MeshInstance3D" parent="Root/Hips/Spine_01/Spine_02/SM_Item_Goblin_WarBanner"]
mesh = ExtResource("24_srk3a")
surface_material_override/0 = ExtResource("2_yado3")

[node name="SM_Item_Shield" type="Node3D" parent="Root/Hips/Spine_01/Spine_02"]
transform = Transform3D(0, 0.989273, -0.14608, 0, 0.14608, 0.989273, 1, 0, 0, 0.194008, -0.0959115, 4.07389e-15)
visible = false
metadata/ufile_ids = ["aa4de824abd97724da42ffc9d2b3c275:4100638045545702", "aa4de824abd97724da42ffc9d2b3c275:1289794696365406", "aa4de824abd97724da42ffc9d2b3c275:33895885016044438", "aa4de824abd97724da42ffc9d2b3c275:23658107046921530"]

[node name="_mesh" type="MeshInstance3D" parent="Root/Hips/Spine_01/Spine_02/SM_Item_Shield"]
mesh = ExtResource("25_0r3d7")
surface_material_override/0 = ExtResource("2_yado3")

[node name="SM_Item_Sword" type="Node3D" parent="Root/Hips/Spine_01/Spine_02"]
transform = Transform3D(0, 0.989273, -0.14608, 0, 0.14608, 0.989273, 1, 0, 0, 0.169072, -0.120668, 3.97542e-15)
visible = false
metadata/ufile_ids = ["aa4de824abd97724da42ffc9d2b3c275:4863599086500886", "aa4de824abd97724da42ffc9d2b3c275:1210575885135414", "aa4de824abd97724da42ffc9d2b3c275:33883260925527748", "aa4de824abd97724da42ffc9d2b3c275:23952847068334934"]

[node name="_mesh" type="MeshInstance3D" parent="Root/Hips/Spine_01/Spine_02/SM_Item_Sword"]
mesh = ExtResource("26_48ta2")
surface_material_override/0 = ExtResource("2_yado3")

[node name="Spine_03" type="Node3D" parent="Root/Hips/Spine_01/Spine_02"]
transform = Transform3D(0.975318, 0.220805, 6.48372e-17, 0.220805, -0.975318, 1.40243e-16, 9.42032e-17, -1.22465e-16, -1, 0.179037, 2.22045e-17, 7.50973e-17)
metadata/ufile_ids = ["aa4de824abd97724da42ffc9d2b3c275:4840000919532106", "aa4de824abd97724da42ffc9d2b3c275:1403101590021382"]

[node name="Clavicle_L" type="Node3D" parent="Root/Hips/Spine_01/Spine_02/Spine_03"]
transform = Transform3D(-0.0486081, 0.996564, 0.0670689, 0.467129, 0.0820338, -0.880376, -0.882852, -0.0114635, -0.469511, 0.0580117, -0.0419145, -0.0744715)
metadata/ufile_ids = ["aa4de824abd97724da42ffc9d2b3c275:4828418954193618", "aa4de824abd97724da42ffc9d2b3c275:1262863691722882"]

[node name="Shoulder_L" type="Node3D" parent="Root/Hips/Spine_01/Spine_02/Spine_03/Clavicle_L"]
transform = Transform3D(0.885509, 0.0602784, -0.460696, -0.0710111, 0.997458, -0.00598189, 0.459164, 0.0380115, 0.887538, 0.131979, -4.85723e-19, -2.66454e-17)
metadata/ufile_ids = ["aa4de824abd97724da42ffc9d2b3c275:4689734001566992", "aa4de824abd97724da42ffc9d2b3c275:1024060463474840"]

[node name="Elbow_L" type="Node3D" parent="Root/Hips/Spine_01/Spine_02/Spine_03/Clavicle_L/Shoulder_L"]
transform = Transform3D(0.993276, -0.0825021, -0.081223, 0.0822276, 0.996591, -0.00672399, 0.0815009, -2.32831e-10, 0.996673, 0.339474, -0.00144907, -0.00143626)
metadata/ufile_ids = ["aa4de824abd97724da42ffc9d2b3c275:4027499485543726", "aa4de824abd97724da42ffc9d2b3c275:1943290130039148"]

[node name="Hand_L" type="Node3D" parent="Root/Hips/Spine_01/Spine_02/Spine_03/Clavicle_L/Shoulder_L/Elbow_L"]
transform = Transform3D(0.997432, 3.33198e-15, 0.0716155, -3.33544e-15, 1, -7.12448e-17, -0.0716155, -1.67807e-16, 0.997432, 0.271145, 0, -0.000381364)
metadata/ufile_ids = ["aa4de824abd97724da42ffc9d2b3c275:4278350573997240", "aa4de824abd97724da42ffc9d2b3c275:1347477368049754"]

[node name="Finger_01" type="Node3D" parent="Root/Hips/Spine_01/Spine_02/Spine_03/Clavicle_L/Shoulder_L/Elbow_L/Hand_L"]
transform = Transform3D(0.98976, 0.11253, 0.0878153, -0.112967, 0.993599, 0, -0.0872532, -0.0099202, 0.996137, 0.0998253, -0.00115959, -0.0328334)
metadata/ufile_ids = ["aa4de824abd97724da42ffc9d2b3c275:4317647977555582", "aa4de824abd97724da42ffc9d2b3c275:1044291395287388"]

[node name="Finger_02" type="Node3D" parent="Root/Hips/Spine_01/Spine_02/Spine_03/Clavicle_L/Shoulder_L/Elbow_L/Hand_L/Finger_01"]
transform = Transform3D(0.998335, 0.042418, -0.0390799, -0.0426236, 0.999081, -0.00444316, 0.0388555, 0.00610149, 0.999226, 0.0424881, -1.05818e-17, -8.32667e-18)
metadata/ufile_ids = ["aa4de824abd97724da42ffc9d2b3c275:4233585821854950", "aa4de824abd97724da42ffc9d2b3c275:1406315610475900"]

[node name="Finger_03" type="Node3D" parent="Root/Hips/Spine_01/Spine_02/Spine_03/Clavicle_L/Shoulder_L/Elbow_L/Hand_L/Finger_01/Finger_02"]
transform = Transform3D(0.972665, 0.181128, 0.145312, -0.186317, 0.982225, 0.0228184, -0.138596, -0.0492687, 0.989123, 0.0351333, -3.00324e-16, 3.77476e-17)
metadata/ufile_ids = ["aa4de824abd97724da42ffc9d2b3c275:4204472504839398", "aa4de824abd97724da42ffc9d2b3c275:1653292614254684"]

[node name="Finger_04" type="Node3D" parent="Root/Hips/Spine_01/Spine_02/Spine_03/Clavicle_L/Shoulder_L/Elbow_L/Hand_L/Finger_01/Finger_02/Finger_03"]
transform = Transform3D(0.924156, -0.33495, -0.183697, 0.328523, 0.942236, -0.0653013, 0.194958, 0, 0.980812, 0.0300324, 2.12677e-16, -1.11022e-18)
metadata/ufile_ids = ["aa4de824abd97724da42ffc9d2b3c275:4714706902583482", "aa4de824abd97724da42ffc9d2b3c275:1845926591377958"]

[node name="IndexFinger_01" type="Node3D" parent="Root/Hips/Spine_01/Spine_02/Spine_03/Clavicle_L/Shoulder_L/Elbow_L/Hand_L"]
transform = Transform3D(0.991306, 0.00845244, -0.131305, -0.00852626, 0.999964, 0, 0.1313, 0.00111954, 0.991342, 0.103966, 0.00398715, 0.0267265)
metadata/ufile_ids = ["aa4de824abd97724da42ffc9d2b3c275:4206718376405780", "aa4de824abd97724da42ffc9d2b3c275:1606907712095080"]

[node name="IndexFinger_02" type="Node3D" parent="Root/Hips/Spine_01/Spine_02/Spine_03/Clavicle_L/Shoulder_L/Elbow_L/Hand_L/IndexFinger_01"]
transform = Transform3D(0.980432, 0.19567, 0.0216048, -0.19572, 0.98066, 0.000184215, -0.021151, -0.00440911, 0.999767, 0.0409363, -1.52764e-18, 2.44249e-17)
metadata/ufile_ids = ["aa4de824abd97724da42ffc9d2b3c275:4221032227117784", "aa4de824abd97724da42ffc9d2b3c275:1714991532939554"]

[node name="IndexFinger_03" type="Node3D" parent="Root/Hips/Spine_01/Spine_02/Spine_03/Clavicle_L/Shoulder_L/Elbow_L/Hand_L/IndexFinger_01/IndexFinger_02"]
transform = Transform3D(0.992179, 0.113423, 0.0521209, -0.114134, 0.993406, 0.0108651, -0.0505449, -0.0167289, 0.998582, 0.0379119, -2.1462e-16, -3.83027e-17)
metadata/ufile_ids = ["aa4de824abd97724da42ffc9d2b3c275:4029546758070670", "aa4de824abd97724da42ffc9d2b3c275:1693527912314212"]

[node name="IndexFinger_04" type="Node3D" parent="Root/Hips/Spine_01/Spine_02/Spine_03/Clavicle_L/Shoulder_L/Elbow_L/Hand_L/IndexFinger_01/IndexFinger_02/IndexFinger_03"]
transform = Transform3D(0.947822, -0.314209, 0.0539051, 0.313702, 0.949354, 0.017841, -0.0567808, 9.31323e-10, 0.998387, 0.0377979, -1.92841e-16, -9.99201e-18)
metadata/ufile_ids = ["aa4de824abd97724da42ffc9d2b3c275:4208773286282038", "aa4de824abd97724da42ffc9d2b3c275:1503745974643648"]

[node name="Thumb_01" type="Node3D" parent="Root/Hips/Spine_01/Spine_02/Spine_03/Clavicle_L/Shoulder_L/Elbow_L/Hand_L"]
transform = Transform3D(0.831214, 0.154317, -0.534106, -0.182534, 0.9832, 1.11759e-08, 0.525132, 0.0974924, 0.845418, 0.0351405, -0.0117069, 0.0450554)
metadata/ufile_ids = ["aa4de824abd97724da42ffc9d2b3c275:4904401870946806", "aa4de824abd97724da42ffc9d2b3c275:1725996216513232"]

[node name="Thumb_02" type="Node3D" parent="Root/Hips/Spine_01/Spine_02/Spine_03/Clavicle_L/Shoulder_L/Elbow_L/Hand_L/Thumb_01"]
transform = Transform3D(0.932106, 0.268778, 0.242769, -0.287605, 0.956688, 0.0450708, -0.22014, -0.111832, 0.969037, 0.0637021, -6.10623e-18, 4.44089e-18)
metadata/ufile_ids = ["aa4de824abd97724da42ffc9d2b3c275:4124951716888260", "aa4de824abd97724da42ffc9d2b3c275:1846206072476016"]

[node name="Thumb_03" type="Node3D" parent="Root/Hips/Spine_01/Spine_02/Spine_03/Clavicle_L/Shoulder_L/Elbow_L/Hand_L/Thumb_01/Thumb_02"]
transform = Transform3D(0.847975, -0.452915, 0.27533, 0.430776, 0.891554, 0.139869, -0.30882, 0, 0.951121, 0.0566557, 2.91156e-16, 3.9968e-17)
metadata/ufile_ids = ["aa4de824abd97724da42ffc9d2b3c275:4374466058126296", "aa4de824abd97724da42ffc9d2b3c275:1579543140684944"]

[node name="Clavicle_R" type="Node3D" parent="Root/Hips/Spine_01/Spine_02/Spine_03"]
transform = Transform3D(0.0486079, -0.996564, -0.0670688, -0.467129, -0.0820339, 0.880376, -0.882852, -0.0114635, -0.469511, 0.0580153, -0.0419142, 0.0744715)
metadata/ufile_ids = ["aa4de824abd97724da42ffc9d2b3c275:4316836992351366", "aa4de824abd97724da42ffc9d2b3c275:1017917554205364"]

[node name="Shoulder_R" type="Node3D" parent="Root/Hips/Spine_01/Spine_02/Spine_03/Clavicle_R"]
transform = Transform3D(0.885509, 0.0602784, -0.460696, -0.0710111, 0.997458, -0.00598189, 0.459164, 0.0380115, 0.887538, -0.131979, 6.47339e-06, 4.73534e-08)
metadata/ufile_ids = ["aa4de824abd97724da42ffc9d2b3c275:4139472341183470", "aa4de824abd97724da42ffc9d2b3c275:1604074729707784"]

[node name="Elbow_R" type="Node3D" parent="Root/Hips/Spine_01/Spine_02/Spine_03/Clavicle_R/Shoulder_R"]
transform = Transform3D(0.993276, -0.0825021, -0.081223, 0.0822276, 0.996591, -0.00672399, 0.0815009, -2.32831e-10, 0.996673, -0.339475, 0.00144759, 0.00143626)
metadata/ufile_ids = ["aa4de824abd97724da42ffc9d2b3c275:4578832063494326", "aa4de824abd97724da42ffc9d2b3c275:1019743342872204"]

[node name="Hand_R" type="Node3D" parent="Root/Hips/Spine_01/Spine_02/Spine_03/Clavicle_R/Shoulder_R/Elbow_R"]
transform = Transform3D(0.997432, -2.35026e-15, 0.0716155, 2.33581e-15, 1, 2.85541e-16, -0.0716155, -1.17528e-16, 0.997432, -0.271145, -2.84217e-16, 0.000381361)
metadata/ufile_ids = ["aa4de824abd97724da42ffc9d2b3c275:4439523522263404", "aa4de824abd97724da42ffc9d2b3c275:1722204913755932"]

[node name="Finger_01 1" type="Node3D" parent="Root/Hips/Spine_01/Spine_02/Spine_03/Clavicle_R/Shoulder_R/Elbow_R/Hand_R"]
transform = Transform3D(0.98976, 0.11253, 0.0878153, -0.112967, 0.993599, 0, -0.0872532, -0.0099202, 0.996137, -0.099825, 0.00116, 0.0328334)
metadata/ufile_ids = ["aa4de824abd97724da42ffc9d2b3c275:4739008886588738", "aa4de824abd97724da42ffc9d2b3c275:1274040532840640"]

[node name="Finger_02 1" type="Node3D" parent="Root/Hips/Spine_01/Spine_02/Spine_03/Clavicle_R/Shoulder_R/Elbow_R/Hand_R/Finger_01 1"]
transform = Transform3D(0.998335, 0.042418, -0.0390799, -0.0426236, 0.999081, -0.00444316, 0.0388555, 0.00610149, 0.999226, -0.0424881, 2.65344e-07, -1.97899e-08)
metadata/ufile_ids = ["aa4de824abd97724da42ffc9d2b3c275:4103539829998742", "aa4de824abd97724da42ffc9d2b3c275:1750734469884758"]

[node name="Finger_03 1" type="Node3D" parent="Root/Hips/Spine_01/Spine_02/Spine_03/Clavicle_R/Shoulder_R/Elbow_R/Hand_R/Finger_01 1/Finger_02 1"]
transform = Transform3D(0.972665, 0.181128, 0.145312, -0.186317, 0.982225, 0.0228184, -0.138596, -0.0492687, 0.989123, -0.0351332, -1.99785e-07, 1.48536e-08)
metadata/ufile_ids = ["aa4de824abd97724da42ffc9d2b3c275:4003952020275886", "aa4de824abd97724da42ffc9d2b3c275:1407198030406050"]

[node name="Finger_04 1" type="Node3D" parent="Root/Hips/Spine_01/Spine_02/Spine_03/Clavicle_R/Shoulder_R/Elbow_R/Hand_R/Finger_01 1/Finger_02 1/Finger_03 1"]
transform = Transform3D(0.924156, -0.33495, -0.183697, 0.328523, 0.942236, -0.0653013, 0.194958, 0, 0.980812, -0.0300311, 1.13347e-06, 3.5911e-07)
metadata/ufile_ids = ["aa4de824abd97724da42ffc9d2b3c275:4190273313393652", "aa4de824abd97724da42ffc9d2b3c275:1622116389578678"]

[node name="IndexFinger_01 1" type="Node3D" parent="Root/Hips/Spine_01/Spine_02/Spine_03/Clavicle_R/Shoulder_R/Elbow_R/Hand_R"]
transform = Transform3D(0.991306, 0.00845244, -0.131305, -0.00852626, 0.999964, 0, 0.1313, 0.00111954, 0.991342, -0.103966, -0.00399, -0.0267265)
metadata/ufile_ids = ["aa4de824abd97724da42ffc9d2b3c275:4385277589927078", "aa4de824abd97724da42ffc9d2b3c275:1884781774059180"]

[node name="IndexFinger_02 1" type="Node3D" parent="Root/Hips/Spine_01/Spine_02/Spine_03/Clavicle_R/Shoulder_R/Elbow_R/Hand_R/IndexFinger_01 1"]
transform = Transform3D(0.980432, 0.19567, 0.0216048, -0.19572, 0.98066, 0.000184215, -0.021151, -0.00440911, 0.999767, -0.0409359, 9.69869e-07, -4.95675e-08)
metadata/ufile_ids = ["aa4de824abd97724da42ffc9d2b3c275:4262105421593638", "aa4de824abd97724da42ffc9d2b3c275:1564535468406806"]

[node name="IndexFinger_03 1" type="Node3D" parent="Root/Hips/Spine_01/Spine_02/Spine_03/Clavicle_R/Shoulder_R/Elbow_R/Hand_R/IndexFinger_01 1/IndexFinger_02 1"]
transform = Transform3D(0.992179, 0.113423, 0.0521209, -0.114134, 0.993406, 0.0108651, -0.0505449, -0.0167289, 0.998582, -0.0379121, 3.24998e-06, -4.54529e-08)
metadata/ufile_ids = ["aa4de824abd97724da42ffc9d2b3c275:4392688994869212", "aa4de824abd97724da42ffc9d2b3c275:1026356699237808"]

[node name="IndexFinger_04 1" type="Node3D" parent="Root/Hips/Spine_01/Spine_02/Spine_03/Clavicle_R/Shoulder_R/Elbow_R/Hand_R/IndexFinger_01 1/IndexFinger_02 1/IndexFinger_03 1"]
transform = Transform3D(0.947822, -0.314209, 0.0539051, 0.313702, 0.949354, 0.017841, -0.0567808, 9.31323e-10, 0.998387, -0.0377933, -5.26571e-06, -1.55074e-07)
metadata/ufile_ids = ["aa4de824abd97724da42ffc9d2b3c275:4098829980323638", "aa4de824abd97724da42ffc9d2b3c275:1389844078733130"]

[node name="Thumb_01 1" type="Node3D" parent="Root/Hips/Spine_01/Spine_02/Spine_03/Clavicle_R/Shoulder_R/Elbow_R/Hand_R"]
transform = Transform3D(0.831214, 0.154317, -0.534106, -0.182534, 0.9832, 1.11759e-08, 0.525132, 0.0974924, 0.845418, -0.03514, 0.01171, -0.0450554)
metadata/ufile_ids = ["aa4de824abd97724da42ffc9d2b3c275:4008410613562060", "aa4de824abd97724da42ffc9d2b3c275:1062413978909972"]

[node name="Thumb_02 1" type="Node3D" parent="Root/Hips/Spine_01/Spine_02/Spine_03/Clavicle_R/Shoulder_R/Elbow_R/Hand_R/Thumb_01 1"]
transform = Transform3D(0.932106, 0.268778, 0.242769, -0.287605, 0.956688, 0.0450708, -0.22014, -0.111832, 0.969037, -0.0637015, -7.81182e-06, 4.36381e-07)
metadata/ufile_ids = ["aa4de824abd97724da42ffc9d2b3c275:4485824177670834", "aa4de824abd97724da42ffc9d2b3c275:1510665281324250"]

[node name="Thumb_03 1" type="Node3D" parent="Root/Hips/Spine_01/Spine_02/Spine_03/Clavicle_R/Shoulder_R/Elbow_R/Hand_R/Thumb_01 1/Thumb_02 1"]
transform = Transform3D(0.847975, -0.452915, 0.27533, 0.430776, 0.891554, 0.139869, -0.30882, 0, 0.951121, -0.0566551, 9.8355e-08, -2.02795e-07)
metadata/ufile_ids = ["aa4de824abd97724da42ffc9d2b3c275:4047217683143556", "aa4de824abd97724da42ffc9d2b3c275:1571107790498994"]

[node name="Neck" type="Node3D" parent="Root/Hips/Spine_01/Spine_02/Spine_03"]
transform = Transform3D(0.996517, 0.083394, -2.58936e-15, -0.083394, 0.996517, 1.85358e-16, 2.5958e-15, 3.1225e-17, 1, 0.11189, -6.66134e-18, -4.62441e-17)
metadata/ufile_ids = ["aa4de824abd97724da42ffc9d2b3c275:4727718043702142", "aa4de824abd97724da42ffc9d2b3c275:1719614984457588"]

[node name="Head" type="Node3D" parent="Root/Hips/Spine_01/Spine_02/Spine_03/Neck"]
transform = Transform3D(0, 0.987303, 0.158851, 0, 0.158851, -0.987303, -1, 0, 0, 0.121644, -1.5099e-16, -5.05918e-17)
metadata/ufile_ids = ["aa4de824abd97724da42ffc9d2b3c275:4834605751107684", "aa4de824abd97724da42ffc9d2b3c275:1007059357669704"]

[node name="Eyebrows" type="Node3D" parent="Root/Hips/Spine_01/Spine_02/Spine_03/Neck/Head"]
transform = Transform3D(1, 0, 0, 0, 1, 0, 0, 0, 1, -2.52435e-31, 0.127669, 0.122722)
metadata/ufile_ids = ["aa4de824abd97724da42ffc9d2b3c275:4871201989988140", "aa4de824abd97724da42ffc9d2b3c275:1578861897112034"]

[node name="Eyes" type="Node3D" parent="Root/Hips/Spine_01/Spine_02/Spine_03/Neck/Head"]
transform = Transform3D(1, 0, 0, 0, 1, 0, 0, 0, 1, 2.05104e-31, 0.0944761, 0.122722)
metadata/ufile_ids = ["aa4de824abd97724da42ffc9d2b3c275:4756882590070672", "aa4de824abd97724da42ffc9d2b3c275:1713362636765408"]

[node name="SM_Item_Goblin_Hair" type="Node3D" parent="Root/Hips/Spine_01/Spine_02/Spine_03/Neck/Head"]
transform = Transform3D(1, 1.11999e-14, -8.30618e-15, -1.11999e-14, 1, -3.13721e-13, 8.30618e-15, 3.13721e-13, 1, -0.00482341, 0.184513, -0.116214)
visible = false
metadata/ufile_ids = ["aa4de824abd97724da42ffc9d2b3c275:4327630242696014", "aa4de824abd97724da42ffc9d2b3c275:1271074287453816", "aa4de824abd97724da42ffc9d2b3c275:33006272512969768", "aa4de824abd97724da42ffc9d2b3c275:23541713659385694"]

[node name="_mesh" type="MeshInstance3D" parent="Root/Hips/Spine_01/Spine_02/Spine_03/Neck/Head/SM_Item_Goblin_Hair"]
mesh = ExtResource("27_8wytn")
surface_material_override/0 = ExtResource("2_yado3")

[node name="SM_Item_Mask_01" type="Node3D" parent="Root/Hips/Spine_01/Spine_02/Spine_03/Neck/Head"]
transform = Transform3D(1, 1.11999e-14, -8.30618e-15, -1.11999e-14, 1, -3.13721e-13, 8.30618e-15, 3.13721e-13, 1, -1.26528e-14, -1.56911, 0.00483958)
visible = false
metadata/ufile_ids = ["aa4de824abd97724da42ffc9d2b3c275:4752513198153154", "aa4de824abd97724da42ffc9d2b3c275:1553239219110780", "aa4de824abd97724da42ffc9d2b3c275:33570298776089046", "aa4de824abd97724da42ffc9d2b3c275:23436131456197286"]

[node name="_mesh" type="MeshInstance3D" parent="Root/Hips/Spine_01/Spine_02/Spine_03/Neck/Head/SM_Item_Mask_01"]
mesh = ExtResource("28_8btvj")
surface_material_override/0 = ExtResource("2_yado3")

[node name="SM_Item_Mask_02" type="Node3D" parent="Root/Hips/Spine_01/Spine_02/Spine_03/Neck/Head"]
transform = Transform3D(1, 1.11999e-14, -8.30618e-15, -1.11999e-14, 1, -3.13721e-13, 8.30618e-15, 3.13721e-13, 1, -1.26528e-14, -1.56911, 0.00483958)
visible = false
metadata/ufile_ids = ["aa4de824abd97724da42ffc9d2b3c275:4722996247095548", "aa4de824abd97724da42ffc9d2b3c275:1722610491420628", "aa4de824abd97724da42ffc9d2b3c275:33375062421988290", "aa4de824abd97724da42ffc9d2b3c275:23668199753122614"]

[node name="_mesh" type="MeshInstance3D" parent="Root/Hips/Spine_01/Spine_02/Spine_03/Neck/Head/SM_Item_Mask_02"]
mesh = ExtResource("29_hq1o2")
surface_material_override/0 = ExtResource("2_yado3")

[node name="UpperLeg_L" type="Node3D" parent="Root/Hips"]
transform = Transform3D(0.988277, -0.0313848, -0.149412, 0.149337, -0.00474262, 0.988775, -0.0317411, -0.999496, -1.19209e-07, -0.0411578, -0.0269207, 0.0989671)
metadata/ufile_ids = ["aa4de824abd97724da42ffc9d2b3c275:4425809813973092", "aa4de824abd97724da42ffc9d2b3c275:1461934459303818"]

[node name="LowerLeg_L" type="Node3D" parent="Root/Hips/UpperLeg_L"]
transform = Transform3D(0.998758, -0.0387686, -0.031288, -0.0242844, 0.16951, -0.985229, 0.0434995, 0.984766, 0.168358, -0.399309, -3.80503e-07, 1.46549e-16)
metadata/ufile_ids = ["aa4de824abd97724da42ffc9d2b3c275:4187076771709064", "aa4de824abd97724da42ffc9d2b3c275:1745142063110208"]

[node name="Ankle_L" type="Node3D" parent="Root/Hips/UpperLeg_L/LowerLeg_L"]
transform = Transform3D(0.482309, -0.875969, 0.00742956, -0.864116, -0.474357, 0.168194, -0.143808, -0.0875415, -0.985726, -0.377123, 1.31695e-07, -8.41104e-07)
metadata/ufile_ids = ["aa4de824abd97724da42ffc9d2b3c275:4432536874935234", "aa4de824abd97724da42ffc9d2b3c275:1404251538847048"]

[node name="Ball_L" type="Node3D" parent="Root/Hips/UpperLeg_L/LowerLeg_L/Ankle_L"]
transform = Transform3D(0.854183, -0.519973, -7.5118e-15, 0.519973, 0.854183, -9.44708e-15, 1.13287e-14, 4.16361e-15, 1, -0.11284, -1.68496e-08, -7.10543e-17)
metadata/ufile_ids = ["aa4de824abd97724da42ffc9d2b3c275:4878977764899550", "aa4de824abd97724da42ffc9d2b3c275:1161283647959748"]

[node name="Toes_L" type="Node3D" parent="Root/Hips/UpperLeg_L/LowerLeg_L/Ankle_L/Ball_L"]
transform = Transform3D(0, -7.74325e-13, 1, 0, 1, 7.74325e-13, -1, 0, 0, -0.0729575, 2.66454e-17, 1.77636e-17)
metadata/ufile_ids = ["aa4de824abd97724da42ffc9d2b3c275:4940971137247390", "aa4de824abd97724da42ffc9d2b3c275:1061922879984258"]

[node name="UpperLeg_R" type="Node3D" parent="Root/Hips"]
transform = Transform3D(-0.988277, 0.0313848, 0.149412, -0.149337, 0.00474262, -0.988775, -0.0317411, -0.999496, 5.96046e-08, -0.0411577, -0.0269207, -0.0989671)
metadata/ufile_ids = ["aa4de824abd97724da42ffc9d2b3c275:4686844243120858", "aa4de824abd97724da42ffc9d2b3c275:1162163521126298"]

[node name="LowerLeg_R" type="Node3D" parent="Root/Hips/UpperLeg_R"]
transform = Transform3D(0.998758, -0.0387686, -0.031288, -0.0242844, 0.16951, -0.985229, 0.0434995, 0.984766, 0.168358, 0.399309, -6.88338e-17, -5.33421e-17)
metadata/ufile_ids = ["aa4de824abd97724da42ffc9d2b3c275:4412193381406338", "aa4de824abd97724da42ffc9d2b3c275:1969054281297394"]

[node name="Ankle_R" type="Node3D" parent="Root/Hips/UpperLeg_R/LowerLeg_R"]
transform = Transform3D(0.482309, -0.875969, 0.00742956, -0.864116, -0.474357, 0.168194, -0.143808, -0.0875415, -0.985726, 0.377124, -7.77156e-17, 1.68199e-16)
metadata/ufile_ids = ["aa4de824abd97724da42ffc9d2b3c275:4627667039099982", "aa4de824abd97724da42ffc9d2b3c275:1832666212920274"]

[node name="Ball_R" type="Node3D" parent="Root/Hips/UpperLeg_R/LowerLeg_R/Ankle_R"]
transform = Transform3D(0.854183, -0.519973, -2.65799e-15, 0.519973, 0.854183, 7.41842e-16, 1.88467e-15, -2.01575e-15, 1, 0.11284, -1.15463e-16, -2.11335e-17)
metadata/ufile_ids = ["aa4de824abd97724da42ffc9d2b3c275:4718443595548634", "aa4de824abd97724da42ffc9d2b3c275:1513440534127032"]

[node name="Toes_R" type="Node3D" parent="Root/Hips/UpperLeg_R/LowerLeg_R/Ankle_R/Ball_R"]
transform = Transform3D(0, 5.33341e-14, 1, 0, 1, -5.33341e-14, -1, 0, 0, 0.0729576, 2.04009e-18, 3.40871e-18)
metadata/ufile_ids = ["aa4de824abd97724da42ffc9d2b3c275:4663591633253938", "aa4de824abd97724da42ffc9d2b3c275:1153558594531172"]
