[gd_scene load_steps=30 format=3 uid="uid://ygcad813yrho"]

[ext_resource type="ArrayMesh" path="res://assets/PolygonDungeon/Models/FixedScale/Characters_mesh/Character_Ghost_01_4300040.mesh" id="1_kd5ic"]
[ext_resource type="Material" path="res://assets/PolygonDungeon/Materials/Dungeon_Material_01.tres" id="2_m1o3j"]
[ext_resource type="ArrayMesh" path="res://assets/PolygonDungeon/Models/FixedScale/Characters_mesh/Character_Ghost_02_4300032.mesh" id="3_q3hxw"]
[ext_resource type="ArrayMesh" path="res://assets/PolygonDungeon/Models/FixedScale/Characters_mesh/Character_Goblin_Female_4300028.mesh" id="4_7v6ik"]
[ext_resource type="ArrayMesh" path="res://assets/PolygonDungeon/Models/FixedScale/Characters_mesh/Character_Goblin_Male_4300046.mesh" id="5_hq833"]
[ext_resource type="ArrayMesh" path="res://assets/PolygonDungeon/Models/FixedScale/Characters_mesh/Character_Goblin_Shaman_4300038.mesh" id="6_v731u"]
[ext_resource type="ArrayMesh" path="res://assets/PolygonDungeon/Models/FixedScale/Characters_mesh/Character_Goblin_WarChief_4300052.mesh" id="7_66xh4"]
[ext_resource type="ArrayMesh" path="res://assets/PolygonDungeon/Models/FixedScale/Characters_mesh/Character_Goblin_Warrior_Female_4300024.mesh" id="8_6kdr1"]
[ext_resource type="ArrayMesh" path="res://assets/PolygonDungeon/Models/FixedScale/Characters_mesh/Character_Goblin_Warrior_Male_4300034.mesh" id="9_q45cf"]
[ext_resource type="ArrayMesh" path="res://assets/PolygonDungeon/Models/FixedScale/Characters_mesh/Character_Hero_Knight_Female_4300030.mesh" id="10_ou5i8"]
[ext_resource type="ArrayMesh" path="res://assets/PolygonDungeon/Models/FixedScale/Characters_mesh/Character_Hero_Knight_Male_4300048.mesh" id="11_fiy75"]
[ext_resource type="ArrayMesh" path="res://assets/PolygonDungeon/Models/FixedScale/Characters_mesh/Character_Rock_Golem_4300036.mesh" id="12_lo8bj"]
[ext_resource type="ArrayMesh" path="res://assets/PolygonDungeon/Models/FixedScale/Characters_mesh/Character_Skeleton_Knight_4300026.mesh" id="13_e6xcx"]
[ext_resource type="ArrayMesh" path="res://assets/PolygonDungeon/Models/FixedScale/Characters_mesh/Character_Skeleton_Slave_01_4300050.mesh" id="14_77rhg"]
[ext_resource type="ArrayMesh" path="res://assets/PolygonDungeon/Models/FixedScale/Characters_mesh/Character_Skeleton_Soldier_01_4300054.mesh" id="15_ifdah"]
[ext_resource type="ArrayMesh" path="res://assets/PolygonDungeon/Models/FixedScale/Characters_mesh/Character_Skeleton_Soldier_02_4300044.mesh" id="16_bwcm0"]
[ext_resource type="ArrayMesh" path="res://assets/PolygonDungeon/Models/FixedScale/Characters_mesh/Character_Tormented_Soul_4300042.mesh" id="17_enls7"]
[ext_resource type="ArrayMesh" path="res://assets/PolygonDungeon/Models/FixedScale/Characters_mesh/SM_Item_Bag_Large_4300022.mesh" id="18_urufi"]
[ext_resource type="ArrayMesh" path="res://assets/PolygonDungeon/Models/FixedScale/Characters_mesh/SM_Item_Bags_4300014.mesh" id="19_oophv"]
[ext_resource type="ArrayMesh" path="res://assets/PolygonDungeon/Models/FixedScale/Characters_mesh/SM_Item_Bones_4300020.mesh" id="20_8uww0"]
[ext_resource type="ArrayMesh" path="res://assets/PolygonDungeon/Models/FixedScale/Characters_mesh/SM_Item_Horn_4300018.mesh" id="21_asa31"]
[ext_resource type="ArrayMesh" path="res://assets/PolygonDungeon/Models/FixedScale/Characters_mesh/SM_Item_Shrooms_4300016.mesh" id="22_l544u"]
[ext_resource type="ArrayMesh" path="res://assets/PolygonDungeon/Models/FixedScale/Characters_mesh/SM_Item_Shrunken_Head_4300012.mesh" id="23_p303q"]
[ext_resource type="ArrayMesh" path="res://assets/PolygonDungeon/Models/FixedScale/Characters_mesh/SM_Item_Goblin_WarBanner_4300006.mesh" id="24_rqkag"]
[ext_resource type="ArrayMesh" path="res://assets/PolygonDungeon/Models/FixedScale/Characters_mesh/SM_Item_Shield_4300010.mesh" id="25_ec21t"]
[ext_resource type="ArrayMesh" path="res://assets/PolygonDungeon/Models/FixedScale/Characters_mesh/SM_Item_Sword_4300008.mesh" id="26_76kl8"]
[ext_resource type="ArrayMesh" path="res://assets/PolygonDungeon/Models/FixedScale/Characters_mesh/SM_Item_Goblin_Hair_4300000.mesh" id="27_6ppkg"]
[ext_resource type="ArrayMesh" path="res://assets/PolygonDungeon/Models/FixedScale/Characters_mesh/SM_Item_Mask_01_4300002.mesh" id="28_kgu0h"]
[ext_resource type="ArrayMesh" path="res://assets/PolygonDungeon/Models/FixedScale/Characters_mesh/SM_Item_Mask_02_4300004.mesh" id="29_k57op"]

[node name="Character_Goblin_Female_FixedScale" type="Node3D"]
metadata/ufile_ids = ["8cccb88f6abce2445aec080d5a965bfb:4571890692663102", "8cccb88f6abce2445aec080d5a965bfb:1435744202117670", "8cccb88f6abce2445aec080d5a965bfb:95285293887918914"]

[node name="Character_Ghost_01" type="Node3D" parent="."]
visible = false
metadata/ufile_ids = ["8cccb88f6abce2445aec080d5a965bfb:4854884851895794", "8cccb88f6abce2445aec080d5a965bfb:1705382303367340", "8cccb88f6abce2445aec080d5a965bfb:137823158435711454"]

[node name="_mesh" type="MeshInstance3D" parent="Character_Ghost_01"]
mesh = ExtResource("1_kd5ic")
surface_material_override/0 = ExtResource("2_m1o3j")

[node name="Character_Ghost_02" type="Node3D" parent="."]
visible = false
metadata/ufile_ids = ["8cccb88f6abce2445aec080d5a965bfb:4675258859731324", "8cccb88f6abce2445aec080d5a965bfb:1710178042402328", "8cccb88f6abce2445aec080d5a965bfb:137975907224284356"]

[node name="_mesh" type="MeshInstance3D" parent="Character_Ghost_02"]
mesh = ExtResource("3_q3hxw")
surface_material_override/0 = ExtResource("2_m1o3j")

[node name="Character_Goblin_Female" type="Node3D" parent="."]
metadata/ufile_ids = ["8cccb88f6abce2445aec080d5a965bfb:4288077449336196", "8cccb88f6abce2445aec080d5a965bfb:1390215999219528", "8cccb88f6abce2445aec080d5a965bfb:137191816819842828"]

[node name="_mesh" type="MeshInstance3D" parent="Character_Goblin_Female"]
mesh = ExtResource("4_7v6ik")
surface_material_override/0 = ExtResource("2_m1o3j")

[node name="Character_Goblin_Male" type="Node3D" parent="."]
visible = false
metadata/ufile_ids = ["8cccb88f6abce2445aec080d5a965bfb:4373139086597584", "8cccb88f6abce2445aec080d5a965bfb:1905434022982436", "8cccb88f6abce2445aec080d5a965bfb:137913437769782544"]

[node name="_mesh" type="MeshInstance3D" parent="Character_Goblin_Male"]
mesh = ExtResource("5_hq833")
surface_material_override/0 = ExtResource("2_m1o3j")

[node name="Character_Goblin_Shaman" type="Node3D" parent="."]
visible = false
metadata/ufile_ids = ["8cccb88f6abce2445aec080d5a965bfb:4661278313469452", "8cccb88f6abce2445aec080d5a965bfb:1617443366516026", "8cccb88f6abce2445aec080d5a965bfb:137013640825486080"]

[node name="_mesh" type="MeshInstance3D" parent="Character_Goblin_Shaman"]
mesh = ExtResource("6_v731u")
surface_material_override/0 = ExtResource("2_m1o3j")

[node name="Character_Goblin_WarChief" type="Node3D" parent="."]
visible = false
metadata/ufile_ids = ["8cccb88f6abce2445aec080d5a965bfb:4047366993616810", "8cccb88f6abce2445aec080d5a965bfb:1979559556482244", "8cccb88f6abce2445aec080d5a965bfb:137880744624562950"]

[node name="_mesh" type="MeshInstance3D" parent="Character_Goblin_WarChief"]
mesh = ExtResource("7_66xh4")
surface_material_override/0 = ExtResource("2_m1o3j")

[node name="Character_Goblin_Warrior_Female" type="Node3D" parent="."]
visible = false
metadata/ufile_ids = ["8cccb88f6abce2445aec080d5a965bfb:4181524827063022", "8cccb88f6abce2445aec080d5a965bfb:1712945261648936", "8cccb88f6abce2445aec080d5a965bfb:137800814076488520"]

[node name="_mesh" type="MeshInstance3D" parent="Character_Goblin_Warrior_Female"]
mesh = ExtResource("8_6kdr1")
surface_material_override/0 = ExtResource("2_m1o3j")

[node name="Character_Goblin_Warrior_Male" type="Node3D" parent="."]
visible = false
metadata/ufile_ids = ["8cccb88f6abce2445aec080d5a965bfb:4931690653290068", "8cccb88f6abce2445aec080d5a965bfb:1997897576451174", "8cccb88f6abce2445aec080d5a965bfb:137755752347343298"]

[node name="_mesh" type="MeshInstance3D" parent="Character_Goblin_Warrior_Male"]
mesh = ExtResource("9_q45cf")
surface_material_override/0 = ExtResource("2_m1o3j")

[node name="Character_Hero_Knight_Female" type="Node3D" parent="."]
visible = false
metadata/ufile_ids = ["8cccb88f6abce2445aec080d5a965bfb:4203865986367766", "8cccb88f6abce2445aec080d5a965bfb:1109534532514568", "8cccb88f6abce2445aec080d5a965bfb:137410913359064926"]

[node name="_mesh" type="MeshInstance3D" parent="Character_Hero_Knight_Female"]
mesh = ExtResource("10_ou5i8")
surface_material_override/0 = ExtResource("2_m1o3j")

[node name="Character_Hero_Knight_Male" type="Node3D" parent="."]
visible = false
metadata/ufile_ids = ["8cccb88f6abce2445aec080d5a965bfb:4753221020584938", "8cccb88f6abce2445aec080d5a965bfb:1292079273113780", "8cccb88f6abce2445aec080d5a965bfb:137171473451695078"]

[node name="_mesh" type="MeshInstance3D" parent="Character_Hero_Knight_Male"]
mesh = ExtResource("11_fiy75")
surface_material_override/0 = ExtResource("2_m1o3j")

[node name="Character_Rock_Golem" type="Node3D" parent="."]
visible = false
metadata/ufile_ids = ["8cccb88f6abce2445aec080d5a965bfb:4642272556961248", "8cccb88f6abce2445aec080d5a965bfb:1204310510358860", "8cccb88f6abce2445aec080d5a965bfb:137383068919958374"]

[node name="_mesh" type="MeshInstance3D" parent="Character_Rock_Golem"]
mesh = ExtResource("12_lo8bj")
surface_material_override/0 = ExtResource("2_m1o3j")

[node name="Character_Skeleton_Knight" type="Node3D" parent="."]
visible = false
metadata/ufile_ids = ["8cccb88f6abce2445aec080d5a965bfb:4390781763462494", "8cccb88f6abce2445aec080d5a965bfb:1881093391911260", "8cccb88f6abce2445aec080d5a965bfb:137117411892932280"]

[node name="_mesh" type="MeshInstance3D" parent="Character_Skeleton_Knight"]
mesh = ExtResource("13_e6xcx")
surface_material_override/0 = ExtResource("2_m1o3j")

[node name="Character_Skeleton_Slave_01" type="Node3D" parent="."]
visible = false
metadata/ufile_ids = ["8cccb88f6abce2445aec080d5a965bfb:4125818863647726", "8cccb88f6abce2445aec080d5a965bfb:1546134632320312", "8cccb88f6abce2445aec080d5a965bfb:137368217635956674"]

[node name="_mesh" type="MeshInstance3D" parent="Character_Skeleton_Slave_01"]
mesh = ExtResource("14_77rhg")
surface_material_override/0 = ExtResource("2_m1o3j")

[node name="Character_Skeleton_Soldier_01" type="Node3D" parent="."]
visible = false
metadata/ufile_ids = ["8cccb88f6abce2445aec080d5a965bfb:4206192067297502", "8cccb88f6abce2445aec080d5a965bfb:1377855300356770", "8cccb88f6abce2445aec080d5a965bfb:137308821306162026"]

[node name="_mesh" type="MeshInstance3D" parent="Character_Skeleton_Soldier_01"]
mesh = ExtResource("15_ifdah")
surface_material_override/0 = ExtResource("2_m1o3j")

[node name="Character_Skeleton_Soldier_02" type="Node3D" parent="."]
visible = false
metadata/ufile_ids = ["8cccb88f6abce2445aec080d5a965bfb:4306289209528002", "8cccb88f6abce2445aec080d5a965bfb:1193480698375984", "8cccb88f6abce2445aec080d5a965bfb:137185147322127532"]

[node name="_mesh" type="MeshInstance3D" parent="Character_Skeleton_Soldier_02"]
mesh = ExtResource("16_bwcm0")
surface_material_override/0 = ExtResource("2_m1o3j")

[node name="Character_Tormented_Soul" type="Node3D" parent="."]
visible = false
metadata/ufile_ids = ["8cccb88f6abce2445aec080d5a965bfb:4205553019696908", "8cccb88f6abce2445aec080d5a965bfb:1328952022489852", "8cccb88f6abce2445aec080d5a965bfb:137765737767968306"]

[node name="_mesh" type="MeshInstance3D" parent="Character_Tormented_Soul"]
mesh = ExtResource("17_enls7")
surface_material_override/0 = ExtResource("2_m1o3j")

[node name="Root" type="Node3D" parent="."]
metadata/ufile_ids = ["8cccb88f6abce2445aec080d5a965bfb:4592621516249158", "8cccb88f6abce2445aec080d5a965bfb:1208630980208332"]

[node name="Hips" type="Node3D" parent="Root"]
transform = Transform3D(0, 0, 1, 0.988775, 0.149412, 0, -0.149412, 0.988775, 0, 0, 0.876276, 0)
metadata/ufile_ids = ["8cccb88f6abce2445aec080d5a965bfb:4138397708639576", "8cccb88f6abce2445aec080d5a965bfb:1164316301867768"]

[node name="SM_Item_Bag_Large" type="Node3D" parent="Root/Hips"]
transform = Transform3D(0, 0.988775, -0.149412, 0, 0.149412, 0.988775, 1, 0, 0, 0.0734897, 0.0111049, -0.206229)
visible = false
metadata/ufile_ids = ["8cccb88f6abce2445aec080d5a965bfb:4614318607492384", "8cccb88f6abce2445aec080d5a965bfb:1931691979761110", "8cccb88f6abce2445aec080d5a965bfb:33912731818564352", "8cccb88f6abce2445aec080d5a965bfb:23169570528425632"]

[node name="_mesh" type="MeshInstance3D" parent="Root/Hips/SM_Item_Bag_Large"]
mesh = ExtResource("18_urufi")
surface_material_override/0 = ExtResource("2_m1o3j")

[node name="SM_Item_Bags" type="Node3D" parent="Root/Hips"]
transform = Transform3D(0, 0.988775, -0.149412, 0, 0.149412, 0.988775, 1, 0, 0, 0.0734897, 0.0111049, -0.206229)
visible = false
metadata/ufile_ids = ["8cccb88f6abce2445aec080d5a965bfb:4846781835353958", "8cccb88f6abce2445aec080d5a965bfb:1277437016363114", "8cccb88f6abce2445aec080d5a965bfb:33000687157931668", "8cccb88f6abce2445aec080d5a965bfb:23113263448917666"]

[node name="_mesh" type="MeshInstance3D" parent="Root/Hips/SM_Item_Bags"]
mesh = ExtResource("19_oophv")
surface_material_override/0 = ExtResource("2_m1o3j")

[node name="SM_Item_Bones" type="Node3D" parent="Root/Hips"]
transform = Transform3D(0, 0.988775, -0.149412, 0, 0.149412, 0.988775, 1, 0, 0, 0.0902181, 0.0136327, -0.187515)
visible = false
metadata/ufile_ids = ["8cccb88f6abce2445aec080d5a965bfb:4883713927569192", "8cccb88f6abce2445aec080d5a965bfb:1776004928372944", "8cccb88f6abce2445aec080d5a965bfb:33921521701991500", "8cccb88f6abce2445aec080d5a965bfb:23620825997698672"]

[node name="_mesh" type="MeshInstance3D" parent="Root/Hips/SM_Item_Bones"]
mesh = ExtResource("20_8uww0")
surface_material_override/0 = ExtResource("2_m1o3j")

[node name="SM_Item_Horn" type="Node3D" parent="Root/Hips"]
transform = Transform3D(0, 0.988775, -0.149412, 0, 0.149412, 0.988775, 1, 0, 0, 0.0795274, 0.0120172, 0.165818)
visible = false
metadata/ufile_ids = ["8cccb88f6abce2445aec080d5a965bfb:4239191639322474", "8cccb88f6abce2445aec080d5a965bfb:1087841839178526", "8cccb88f6abce2445aec080d5a965bfb:33138128200510446", "8cccb88f6abce2445aec080d5a965bfb:23047712815509322"]

[node name="_mesh" type="MeshInstance3D" parent="Root/Hips/SM_Item_Horn"]
mesh = ExtResource("21_asa31")
surface_material_override/0 = ExtResource("2_m1o3j")

[node name="SM_Item_Shrooms" type="Node3D" parent="Root/Hips"]
transform = Transform3D(0, 0.988775, -0.149412, 0, 0.149412, 0.988775, 1, 0, 0, 0.0617986, 0.00933827, 0.189238)
visible = false
metadata/ufile_ids = ["8cccb88f6abce2445aec080d5a965bfb:4581530895546462", "8cccb88f6abce2445aec080d5a965bfb:1828370506130124", "8cccb88f6abce2445aec080d5a965bfb:33721343138768012", "8cccb88f6abce2445aec080d5a965bfb:23521085560747826"]

[node name="_mesh" type="MeshInstance3D" parent="Root/Hips/SM_Item_Shrooms"]
mesh = ExtResource("22_l544u")
surface_material_override/0 = ExtResource("2_m1o3j")

[node name="SM_Item_Shrunken_Head" type="Node3D" parent="Root/Hips"]
transform = Transform3D(-0.122535, 0.939419, 0.32012, 0.991102, 0.0989298, 0.0890537, 0.0519893, 0.328184, -0.943182, 0.0656217, -0.00134331, -0.176248)
visible = false
metadata/ufile_ids = ["8cccb88f6abce2445aec080d5a965bfb:4136962076751934", "8cccb88f6abce2445aec080d5a965bfb:1872258357876226", "8cccb88f6abce2445aec080d5a965bfb:33602264776487470", "8cccb88f6abce2445aec080d5a965bfb:23848970638912030"]

[node name="_mesh" type="MeshInstance3D" parent="Root/Hips/SM_Item_Shrunken_Head"]
mesh = ExtResource("23_p303q")
surface_material_override/0 = ExtResource("2_m1o3j")

[node name="Spine_01" type="Node3D" parent="Root/Hips"]
transform = Transform3D(0.980128, 0.198365, -2.61763e-15, 0.198365, -0.980128, -4.04826e-16, -2.64591e-15, -1.22465e-16, -1, 0.103933, 1.33227e-17, 4.61554e-17)
metadata/ufile_ids = ["8cccb88f6abce2445aec080d5a965bfb:4202255750418964", "8cccb88f6abce2445aec080d5a965bfb:1997179497664490"]

[node name="Spine_02" type="Node3D" parent="Root/Hips/Spine_01"]
transform = Transform3D(0.980791, 0.195062, 1.17531e-15, 0.195062, -0.980791, 3.58611e-16, 1.22268e-15, -1.22465e-16, -1, 0.181512, 1.55431e-17, -7.10107e-17)
metadata/ufile_ids = ["8cccb88f6abce2445aec080d5a965bfb:4660554382565120", "8cccb88f6abce2445aec080d5a965bfb:1088369442348182"]

[node name="SM_Item_Goblin_WarBanner" type="Node3D" parent="Root/Hips/Spine_01/Spine_02"]
transform = Transform3D(0, 0.989273, -0.14608, 0, 0.14608, 0.989273, 1, 0, 0, 0.100745, -0.137135, 3.42695e-15)
visible = false
metadata/ufile_ids = ["8cccb88f6abce2445aec080d5a965bfb:4368999085509062", "8cccb88f6abce2445aec080d5a965bfb:1110466730415822", "8cccb88f6abce2445aec080d5a965bfb:33791844751244634", "8cccb88f6abce2445aec080d5a965bfb:23641585800813138"]

[node name="_mesh" type="MeshInstance3D" parent="Root/Hips/Spine_01/Spine_02/SM_Item_Goblin_WarBanner"]
mesh = ExtResource("24_rqkag")
surface_material_override/0 = ExtResource("2_m1o3j")

[node name="SM_Item_Shield" type="Node3D" parent="Root/Hips/Spine_01/Spine_02"]
transform = Transform3D(0, 0.989273, -0.14608, 0, 0.14608, 0.989273, 1, 0, 0, 0.194008, -0.0959115, 4.07389e-15)
visible = false
metadata/ufile_ids = ["8cccb88f6abce2445aec080d5a965bfb:4222365426348174", "8cccb88f6abce2445aec080d5a965bfb:1506198143520472", "8cccb88f6abce2445aec080d5a965bfb:33570606772921734", "8cccb88f6abce2445aec080d5a965bfb:23568851052312072"]

[node name="_mesh" type="MeshInstance3D" parent="Root/Hips/Spine_01/Spine_02/SM_Item_Shield"]
mesh = ExtResource("25_ec21t")
surface_material_override/0 = ExtResource("2_m1o3j")

[node name="SM_Item_Sword" type="Node3D" parent="Root/Hips/Spine_01/Spine_02"]
transform = Transform3D(0, 0.989273, -0.14608, 0, 0.14608, 0.989273, 1, 0, 0, 0.169072, -0.120668, 3.97542e-15)
visible = false
metadata/ufile_ids = ["8cccb88f6abce2445aec080d5a965bfb:4208741084057658", "8cccb88f6abce2445aec080d5a965bfb:1715883942206342", "8cccb88f6abce2445aec080d5a965bfb:33064368553372118", "8cccb88f6abce2445aec080d5a965bfb:23940942273776532"]

[node name="_mesh" type="MeshInstance3D" parent="Root/Hips/Spine_01/Spine_02/SM_Item_Sword"]
mesh = ExtResource("26_76kl8")
surface_material_override/0 = ExtResource("2_m1o3j")

[node name="Spine_03" type="Node3D" parent="Root/Hips/Spine_01/Spine_02"]
transform = Transform3D(0.975318, 0.220805, 6.48372e-17, 0.220805, -0.975318, 1.40243e-16, 9.42032e-17, -1.22465e-16, -1, 0.179037, 2.22045e-17, 7.50973e-17)
metadata/ufile_ids = ["8cccb88f6abce2445aec080d5a965bfb:4630470249657590", "8cccb88f6abce2445aec080d5a965bfb:1483106602952866"]

[node name="Clavicle_L" type="Node3D" parent="Root/Hips/Spine_01/Spine_02/Spine_03"]
transform = Transform3D(-0.0486081, 0.996564, 0.0670689, 0.467129, 0.0820338, -0.880376, -0.882852, -0.0114635, -0.469511, 0.0580117, -0.0419145, -0.0744715)
metadata/ufile_ids = ["8cccb88f6abce2445aec080d5a965bfb:4799990049918486", "8cccb88f6abce2445aec080d5a965bfb:1193482544166838"]

[node name="Shoulder_L" type="Node3D" parent="Root/Hips/Spine_01/Spine_02/Spine_03/Clavicle_L"]
transform = Transform3D(0.885509, 0.0602784, -0.460696, -0.0710111, 0.997458, -0.00598189, 0.459164, 0.0380115, 0.887538, 0.131979, -4.85723e-19, -2.66454e-17)
metadata/ufile_ids = ["8cccb88f6abce2445aec080d5a965bfb:4363628966544342", "8cccb88f6abce2445aec080d5a965bfb:1110534175871006"]

[node name="Elbow_L" type="Node3D" parent="Root/Hips/Spine_01/Spine_02/Spine_03/Clavicle_L/Shoulder_L"]
transform = Transform3D(0.993276, -0.0825021, -0.081223, 0.0822276, 0.996591, -0.00672399, 0.0815009, -2.32831e-10, 0.996673, 0.339474, -0.00144907, -0.00143626)
metadata/ufile_ids = ["8cccb88f6abce2445aec080d5a965bfb:4727190878214884", "8cccb88f6abce2445aec080d5a965bfb:1730052295446858"]

[node name="Hand_L" type="Node3D" parent="Root/Hips/Spine_01/Spine_02/Spine_03/Clavicle_L/Shoulder_L/Elbow_L"]
transform = Transform3D(0.997432, 3.33198e-15, 0.0716155, -3.33544e-15, 1, -7.12448e-17, -0.0716155, -1.67807e-16, 0.997432, 0.271145, 0, -0.000381364)
metadata/ufile_ids = ["8cccb88f6abce2445aec080d5a965bfb:4416849132236772", "8cccb88f6abce2445aec080d5a965bfb:1662481793731324"]

[node name="Finger_01" type="Node3D" parent="Root/Hips/Spine_01/Spine_02/Spine_03/Clavicle_L/Shoulder_L/Elbow_L/Hand_L"]
transform = Transform3D(0.98976, 0.11253, 0.0878153, -0.112967, 0.993599, 0, -0.0872532, -0.0099202, 0.996137, 0.0998253, -0.00115959, -0.0328334)
metadata/ufile_ids = ["8cccb88f6abce2445aec080d5a965bfb:4119636723382792", "8cccb88f6abce2445aec080d5a965bfb:1266324361465292"]

[node name="Finger_02" type="Node3D" parent="Root/Hips/Spine_01/Spine_02/Spine_03/Clavicle_L/Shoulder_L/Elbow_L/Hand_L/Finger_01"]
transform = Transform3D(0.998335, 0.042418, -0.0390799, -0.0426236, 0.999081, -0.00444316, 0.0388555, 0.00610149, 0.999226, 0.0424881, -1.05818e-17, -8.32667e-18)
metadata/ufile_ids = ["8cccb88f6abce2445aec080d5a965bfb:4093168064253540", "8cccb88f6abce2445aec080d5a965bfb:1849125241022834"]

[node name="Finger_03" type="Node3D" parent="Root/Hips/Spine_01/Spine_02/Spine_03/Clavicle_L/Shoulder_L/Elbow_L/Hand_L/Finger_01/Finger_02"]
transform = Transform3D(0.972665, 0.181128, 0.145312, -0.186317, 0.982225, 0.0228184, -0.138596, -0.0492687, 0.989123, 0.0351333, -3.00324e-16, 3.77476e-17)
metadata/ufile_ids = ["8cccb88f6abce2445aec080d5a965bfb:4822868970352744", "8cccb88f6abce2445aec080d5a965bfb:1491958014093512"]

[node name="Finger_04" type="Node3D" parent="Root/Hips/Spine_01/Spine_02/Spine_03/Clavicle_L/Shoulder_L/Elbow_L/Hand_L/Finger_01/Finger_02/Finger_03"]
transform = Transform3D(0.924156, -0.33495, -0.183697, 0.328523, 0.942236, -0.0653013, 0.194958, 0, 0.980812, 0.0300324, 2.12677e-16, -1.11022e-18)
metadata/ufile_ids = ["8cccb88f6abce2445aec080d5a965bfb:4406433880838624", "8cccb88f6abce2445aec080d5a965bfb:1466690901165274"]

[node name="IndexFinger_01" type="Node3D" parent="Root/Hips/Spine_01/Spine_02/Spine_03/Clavicle_L/Shoulder_L/Elbow_L/Hand_L"]
transform = Transform3D(0.991306, 0.00845244, -0.131305, -0.00852626, 0.999964, 0, 0.1313, 0.00111954, 0.991342, 0.103966, 0.00398715, 0.0267265)
metadata/ufile_ids = ["8cccb88f6abce2445aec080d5a965bfb:4937525578343340", "8cccb88f6abce2445aec080d5a965bfb:1100976248892746"]

[node name="IndexFinger_02" type="Node3D" parent="Root/Hips/Spine_01/Spine_02/Spine_03/Clavicle_L/Shoulder_L/Elbow_L/Hand_L/IndexFinger_01"]
transform = Transform3D(0.980432, 0.19567, 0.0216048, -0.19572, 0.98066, 0.000184215, -0.021151, -0.00440911, 0.999767, 0.0409363, -1.52764e-18, 2.44249e-17)
metadata/ufile_ids = ["8cccb88f6abce2445aec080d5a965bfb:4305758602080350", "8cccb88f6abce2445aec080d5a965bfb:1792206225065782"]

[node name="IndexFinger_03" type="Node3D" parent="Root/Hips/Spine_01/Spine_02/Spine_03/Clavicle_L/Shoulder_L/Elbow_L/Hand_L/IndexFinger_01/IndexFinger_02"]
transform = Transform3D(0.992179, 0.113423, 0.0521209, -0.114134, 0.993406, 0.0108651, -0.0505449, -0.0167289, 0.998582, 0.0379119, -2.1462e-16, -3.83027e-17)
metadata/ufile_ids = ["8cccb88f6abce2445aec080d5a965bfb:4208627928582778", "8cccb88f6abce2445aec080d5a965bfb:1181116345429852"]

[node name="IndexFinger_04" type="Node3D" parent="Root/Hips/Spine_01/Spine_02/Spine_03/Clavicle_L/Shoulder_L/Elbow_L/Hand_L/IndexFinger_01/IndexFinger_02/IndexFinger_03"]
transform = Transform3D(0.947822, -0.314209, 0.0539051, 0.313702, 0.949354, 0.017841, -0.0567808, 9.31323e-10, 0.998387, 0.0377979, -1.92841e-16, -9.99201e-18)
metadata/ufile_ids = ["8cccb88f6abce2445aec080d5a965bfb:4374767968666632", "8cccb88f6abce2445aec080d5a965bfb:1520844378480030"]

[node name="Thumb_01" type="Node3D" parent="Root/Hips/Spine_01/Spine_02/Spine_03/Clavicle_L/Shoulder_L/Elbow_L/Hand_L"]
transform = Transform3D(0.831214, 0.154317, -0.534106, -0.182534, 0.9832, 1.11759e-08, 0.525132, 0.0974924, 0.845418, 0.0351405, -0.0117069, 0.0450554)
metadata/ufile_ids = ["8cccb88f6abce2445aec080d5a965bfb:4304104377151952", "8cccb88f6abce2445aec080d5a965bfb:1387574601668174"]

[node name="Thumb_02" type="Node3D" parent="Root/Hips/Spine_01/Spine_02/Spine_03/Clavicle_L/Shoulder_L/Elbow_L/Hand_L/Thumb_01"]
transform = Transform3D(0.932106, 0.268778, 0.242769, -0.287605, 0.956688, 0.0450708, -0.22014, -0.111832, 0.969037, 0.0637021, -6.10623e-18, 4.44089e-18)
metadata/ufile_ids = ["8cccb88f6abce2445aec080d5a965bfb:4359430115390652", "8cccb88f6abce2445aec080d5a965bfb:1079267306722194"]

[node name="Thumb_03" type="Node3D" parent="Root/Hips/Spine_01/Spine_02/Spine_03/Clavicle_L/Shoulder_L/Elbow_L/Hand_L/Thumb_01/Thumb_02"]
transform = Transform3D(0.847975, -0.452915, 0.27533, 0.430776, 0.891554, 0.139869, -0.30882, 0, 0.951121, 0.0566557, 2.91156e-16, 3.9968e-17)
metadata/ufile_ids = ["8cccb88f6abce2445aec080d5a965bfb:4558010064788352", "8cccb88f6abce2445aec080d5a965bfb:1456188613858300"]

[node name="Clavicle_R" type="Node3D" parent="Root/Hips/Spine_01/Spine_02/Spine_03"]
transform = Transform3D(0.0486079, -0.996564, -0.0670688, -0.467129, -0.0820339, 0.880376, -0.882852, -0.0114635, -0.469511, 0.0580153, -0.0419142, 0.0744715)
metadata/ufile_ids = ["8cccb88f6abce2445aec080d5a965bfb:4738311946667890", "8cccb88f6abce2445aec080d5a965bfb:1074800964697318"]

[node name="Shoulder_R" type="Node3D" parent="Root/Hips/Spine_01/Spine_02/Spine_03/Clavicle_R"]
transform = Transform3D(0.885509, 0.0602784, -0.460696, -0.0710111, 0.997458, -0.00598189, 0.459164, 0.0380115, 0.887538, -0.131979, 6.47339e-06, 4.73534e-08)
metadata/ufile_ids = ["8cccb88f6abce2445aec080d5a965bfb:4381187316061404", "8cccb88f6abce2445aec080d5a965bfb:1562851232299388"]

[node name="Elbow_R" type="Node3D" parent="Root/Hips/Spine_01/Spine_02/Spine_03/Clavicle_R/Shoulder_R"]
transform = Transform3D(0.993276, -0.0825021, -0.081223, 0.0822276, 0.996591, -0.00672399, 0.0815009, -2.32831e-10, 0.996673, -0.339475, 0.00144759, 0.00143626)
metadata/ufile_ids = ["8cccb88f6abce2445aec080d5a965bfb:4576634097448364", "8cccb88f6abce2445aec080d5a965bfb:1631935639116694"]

[node name="Hand_R" type="Node3D" parent="Root/Hips/Spine_01/Spine_02/Spine_03/Clavicle_R/Shoulder_R/Elbow_R"]
transform = Transform3D(0.997432, -2.35026e-15, 0.0716155, 2.33581e-15, 1, 2.85541e-16, -0.0716155, -1.17528e-16, 0.997432, -0.271145, -2.84217e-16, 0.000381361)
metadata/ufile_ids = ["8cccb88f6abce2445aec080d5a965bfb:4119059406021868", "8cccb88f6abce2445aec080d5a965bfb:1742365613148944"]

[node name="Finger_01 1" type="Node3D" parent="Root/Hips/Spine_01/Spine_02/Spine_03/Clavicle_R/Shoulder_R/Elbow_R/Hand_R"]
transform = Transform3D(0.98976, 0.11253, 0.0878153, -0.112967, 0.993599, 0, -0.0872532, -0.0099202, 0.996137, -0.099825, 0.00116, 0.0328334)
metadata/ufile_ids = ["8cccb88f6abce2445aec080d5a965bfb:4205364578374498", "8cccb88f6abce2445aec080d5a965bfb:1027950614421106"]

[node name="Finger_02 1" type="Node3D" parent="Root/Hips/Spine_01/Spine_02/Spine_03/Clavicle_R/Shoulder_R/Elbow_R/Hand_R/Finger_01 1"]
transform = Transform3D(0.998335, 0.042418, -0.0390799, -0.0426236, 0.999081, -0.00444316, 0.0388555, 0.00610149, 0.999226, -0.0424881, 2.65344e-07, -1.97899e-08)
metadata/ufile_ids = ["8cccb88f6abce2445aec080d5a965bfb:4602409753341282", "8cccb88f6abce2445aec080d5a965bfb:1740931403667794"]

[node name="Finger_03 1" type="Node3D" parent="Root/Hips/Spine_01/Spine_02/Spine_03/Clavicle_R/Shoulder_R/Elbow_R/Hand_R/Finger_01 1/Finger_02 1"]
transform = Transform3D(0.972665, 0.181128, 0.145312, -0.186317, 0.982225, 0.0228184, -0.138596, -0.0492687, 0.989123, -0.0351332, -1.99785e-07, 1.48536e-08)
metadata/ufile_ids = ["8cccb88f6abce2445aec080d5a965bfb:4039909218076284", "8cccb88f6abce2445aec080d5a965bfb:1820656066917984"]

[node name="Finger_04 1" type="Node3D" parent="Root/Hips/Spine_01/Spine_02/Spine_03/Clavicle_R/Shoulder_R/Elbow_R/Hand_R/Finger_01 1/Finger_02 1/Finger_03 1"]
transform = Transform3D(0.924156, -0.33495, -0.183697, 0.328523, 0.942236, -0.0653013, 0.194958, 0, 0.980812, -0.0300311, 1.13347e-06, 3.5911e-07)
metadata/ufile_ids = ["8cccb88f6abce2445aec080d5a965bfb:4482245762854194", "8cccb88f6abce2445aec080d5a965bfb:1211599972075092"]

[node name="IndexFinger_01 1" type="Node3D" parent="Root/Hips/Spine_01/Spine_02/Spine_03/Clavicle_R/Shoulder_R/Elbow_R/Hand_R"]
transform = Transform3D(0.991306, 0.00845244, -0.131305, -0.00852626, 0.999964, 0, 0.1313, 0.00111954, 0.991342, -0.103966, -0.00399, -0.0267265)
metadata/ufile_ids = ["8cccb88f6abce2445aec080d5a965bfb:4187228490310590", "8cccb88f6abce2445aec080d5a965bfb:1312508616743434"]

[node name="IndexFinger_02 1" type="Node3D" parent="Root/Hips/Spine_01/Spine_02/Spine_03/Clavicle_R/Shoulder_R/Elbow_R/Hand_R/IndexFinger_01 1"]
transform = Transform3D(0.980432, 0.19567, 0.0216048, -0.19572, 0.98066, 0.000184215, -0.021151, -0.00440911, 0.999767, -0.0409359, 9.69869e-07, -4.95675e-08)
metadata/ufile_ids = ["8cccb88f6abce2445aec080d5a965bfb:4694479082502262", "8cccb88f6abce2445aec080d5a965bfb:1259624205234978"]

[node name="IndexFinger_03 1" type="Node3D" parent="Root/Hips/Spine_01/Spine_02/Spine_03/Clavicle_R/Shoulder_R/Elbow_R/Hand_R/IndexFinger_01 1/IndexFinger_02 1"]
transform = Transform3D(0.992179, 0.113423, 0.0521209, -0.114134, 0.993406, 0.0108651, -0.0505449, -0.0167289, 0.998582, -0.0379121, 3.24998e-06, -4.54529e-08)
metadata/ufile_ids = ["8cccb88f6abce2445aec080d5a965bfb:4048335339568698", "8cccb88f6abce2445aec080d5a965bfb:1239084152901422"]

[node name="IndexFinger_04 1" type="Node3D" parent="Root/Hips/Spine_01/Spine_02/Spine_03/Clavicle_R/Shoulder_R/Elbow_R/Hand_R/IndexFinger_01 1/IndexFinger_02 1/IndexFinger_03 1"]
transform = Transform3D(0.947822, -0.314209, 0.0539051, 0.313702, 0.949354, 0.017841, -0.0567808, 9.31323e-10, 0.998387, -0.0377933, -5.26571e-06, -1.55074e-07)
metadata/ufile_ids = ["8cccb88f6abce2445aec080d5a965bfb:4468329984946508", "8cccb88f6abce2445aec080d5a965bfb:1985549248015966"]

[node name="Thumb_01 1" type="Node3D" parent="Root/Hips/Spine_01/Spine_02/Spine_03/Clavicle_R/Shoulder_R/Elbow_R/Hand_R"]
transform = Transform3D(0.831214, 0.154317, -0.534106, -0.182534, 0.9832, 1.11759e-08, 0.525132, 0.0974924, 0.845418, -0.03514, 0.01171, -0.0450554)
metadata/ufile_ids = ["8cccb88f6abce2445aec080d5a965bfb:4816760546772828", "8cccb88f6abce2445aec080d5a965bfb:1502774128156020"]

[node name="Thumb_02 1" type="Node3D" parent="Root/Hips/Spine_01/Spine_02/Spine_03/Clavicle_R/Shoulder_R/Elbow_R/Hand_R/Thumb_01 1"]
transform = Transform3D(0.932106, 0.268778, 0.242769, -0.287605, 0.956688, 0.0450708, -0.22014, -0.111832, 0.969037, -0.0637015, -7.81182e-06, 4.36381e-07)
metadata/ufile_ids = ["8cccb88f6abce2445aec080d5a965bfb:4577336217150116", "8cccb88f6abce2445aec080d5a965bfb:1016534323806566"]

[node name="Thumb_03 1" type="Node3D" parent="Root/Hips/Spine_01/Spine_02/Spine_03/Clavicle_R/Shoulder_R/Elbow_R/Hand_R/Thumb_01 1/Thumb_02 1"]
transform = Transform3D(0.847975, -0.452915, 0.27533, 0.430776, 0.891554, 0.139869, -0.30882, 0, 0.951121, -0.0566551, 9.8355e-08, -2.02795e-07)
metadata/ufile_ids = ["8cccb88f6abce2445aec080d5a965bfb:4546867077172954", "8cccb88f6abce2445aec080d5a965bfb:1755466945425440"]

[node name="Neck" type="Node3D" parent="Root/Hips/Spine_01/Spine_02/Spine_03"]
transform = Transform3D(0.996517, 0.083394, -2.58936e-15, -0.083394, 0.996517, 1.85358e-16, 2.5958e-15, 3.1225e-17, 1, 0.11189, -6.66134e-18, -4.62441e-17)
metadata/ufile_ids = ["8cccb88f6abce2445aec080d5a965bfb:4776449348370626", "8cccb88f6abce2445aec080d5a965bfb:1467972646443830"]

[node name="Head" type="Node3D" parent="Root/Hips/Spine_01/Spine_02/Spine_03/Neck"]
transform = Transform3D(0, 0.987303, 0.158851, 0, 0.158851, -0.987303, -1, 0, 0, 0.121644, -1.5099e-16, -5.05918e-17)
metadata/ufile_ids = ["8cccb88f6abce2445aec080d5a965bfb:4052179980090436", "8cccb88f6abce2445aec080d5a965bfb:1209157207403426"]

[node name="Eyebrows" type="Node3D" parent="Root/Hips/Spine_01/Spine_02/Spine_03/Neck/Head"]
transform = Transform3D(1, 0, 0, 0, 1, 0, 0, 0, 1, -2.52435e-31, 0.127669, 0.122722)
metadata/ufile_ids = ["8cccb88f6abce2445aec080d5a965bfb:4261469504131248", "8cccb88f6abce2445aec080d5a965bfb:1870692683682996"]

[node name="Eyes" type="Node3D" parent="Root/Hips/Spine_01/Spine_02/Spine_03/Neck/Head"]
transform = Transform3D(1, 0, 0, 0, 1, 0, 0, 0, 1, 2.05104e-31, 0.0944761, 0.122722)
metadata/ufile_ids = ["8cccb88f6abce2445aec080d5a965bfb:4752411736365374", "8cccb88f6abce2445aec080d5a965bfb:1215124792622222"]

[node name="SM_Item_Goblin_Hair" type="Node3D" parent="Root/Hips/Spine_01/Spine_02/Spine_03/Neck/Head"]
transform = Transform3D(1, 1.11999e-14, -8.30618e-15, -1.11999e-14, 1, -3.13721e-13, 8.30618e-15, 3.13721e-13, 1, -0.00482341, 0.184513, -0.116214)
visible = false
metadata/ufile_ids = ["8cccb88f6abce2445aec080d5a965bfb:4547647349855208", "8cccb88f6abce2445aec080d5a965bfb:1041531915115614", "8cccb88f6abce2445aec080d5a965bfb:33024979640470318", "8cccb88f6abce2445aec080d5a965bfb:23332686869819242"]

[node name="_mesh" type="MeshInstance3D" parent="Root/Hips/Spine_01/Spine_02/Spine_03/Neck/Head/SM_Item_Goblin_Hair"]
mesh = ExtResource("27_6ppkg")
surface_material_override/0 = ExtResource("2_m1o3j")

[node name="SM_Item_Mask_01" type="Node3D" parent="Root/Hips/Spine_01/Spine_02/Spine_03/Neck/Head"]
transform = Transform3D(1, 1.11999e-14, -8.30618e-15, -1.11999e-14, 1, -3.13721e-13, 8.30618e-15, 3.13721e-13, 1, -1.26528e-14, -1.56911, 0.00483958)
visible = false
metadata/ufile_ids = ["8cccb88f6abce2445aec080d5a965bfb:4066471525445302", "8cccb88f6abce2445aec080d5a965bfb:1142462940675902", "8cccb88f6abce2445aec080d5a965bfb:33946632228542014", "8cccb88f6abce2445aec080d5a965bfb:23318763817139426"]

[node name="_mesh" type="MeshInstance3D" parent="Root/Hips/Spine_01/Spine_02/Spine_03/Neck/Head/SM_Item_Mask_01"]
mesh = ExtResource("28_kgu0h")
surface_material_override/0 = ExtResource("2_m1o3j")

[node name="SM_Item_Mask_02" type="Node3D" parent="Root/Hips/Spine_01/Spine_02/Spine_03/Neck/Head"]
transform = Transform3D(1, 1.11999e-14, -8.30618e-15, -1.11999e-14, 1, -3.13721e-13, 8.30618e-15, 3.13721e-13, 1, -1.26528e-14, -1.56911, 0.00483958)
visible = false
metadata/ufile_ids = ["8cccb88f6abce2445aec080d5a965bfb:4942414112506426", "8cccb88f6abce2445aec080d5a965bfb:1770351390733852", "8cccb88f6abce2445aec080d5a965bfb:33683280037855470", "8cccb88f6abce2445aec080d5a965bfb:23021501632651178"]

[node name="_mesh" type="MeshInstance3D" parent="Root/Hips/Spine_01/Spine_02/Spine_03/Neck/Head/SM_Item_Mask_02"]
mesh = ExtResource("29_k57op")
surface_material_override/0 = ExtResource("2_m1o3j")

[node name="UpperLeg_L" type="Node3D" parent="Root/Hips"]
transform = Transform3D(0.988277, -0.0313848, -0.149412, 0.149337, -0.00474262, 0.988775, -0.0317411, -0.999496, -1.19209e-07, -0.0411578, -0.0269207, 0.0989671)
metadata/ufile_ids = ["8cccb88f6abce2445aec080d5a965bfb:4465863350931476", "8cccb88f6abce2445aec080d5a965bfb:1851504504410374"]

[node name="LowerLeg_L" type="Node3D" parent="Root/Hips/UpperLeg_L"]
transform = Transform3D(0.998758, -0.0387686, -0.031288, -0.0242844, 0.16951, -0.985229, 0.0434995, 0.984766, 0.168358, -0.399309, -3.80503e-07, 1.46549e-16)
metadata/ufile_ids = ["8cccb88f6abce2445aec080d5a965bfb:4373548818838184", "8cccb88f6abce2445aec080d5a965bfb:1439348661205246"]

[node name="Ankle_L" type="Node3D" parent="Root/Hips/UpperLeg_L/LowerLeg_L"]
transform = Transform3D(0.482309, -0.875969, 0.00742956, -0.864116, -0.474357, 0.168194, -0.143808, -0.0875415, -0.985726, -0.377123, 1.31695e-07, -8.41104e-07)
metadata/ufile_ids = ["8cccb88f6abce2445aec080d5a965bfb:4076118779511582", "8cccb88f6abce2445aec080d5a965bfb:1731432928276582"]

[node name="Ball_L" type="Node3D" parent="Root/Hips/UpperLeg_L/LowerLeg_L/Ankle_L"]
transform = Transform3D(0.854183, -0.519973, -7.5118e-15, 0.519973, 0.854183, -9.44708e-15, 1.13287e-14, 4.16361e-15, 1, -0.11284, -1.68496e-08, -7.10543e-17)
metadata/ufile_ids = ["8cccb88f6abce2445aec080d5a965bfb:4986217611954612", "8cccb88f6abce2445aec080d5a965bfb:1522042144336248"]

[node name="Toes_L" type="Node3D" parent="Root/Hips/UpperLeg_L/LowerLeg_L/Ankle_L/Ball_L"]
transform = Transform3D(0, -7.74325e-13, 1, 0, 1, 7.74325e-13, -1, 0, 0, -0.0729575, 2.66454e-17, 1.77636e-17)
metadata/ufile_ids = ["8cccb88f6abce2445aec080d5a965bfb:4570550739439618", "8cccb88f6abce2445aec080d5a965bfb:1674104242454316"]

[node name="UpperLeg_R" type="Node3D" parent="Root/Hips"]
transform = Transform3D(-0.988277, 0.0313848, 0.149412, -0.149337, 0.00474262, -0.988775, -0.0317411, -0.999496, 5.96046e-08, -0.0411577, -0.0269207, -0.0989671)
metadata/ufile_ids = ["8cccb88f6abce2445aec080d5a965bfb:4822780001773294", "8cccb88f6abce2445aec080d5a965bfb:1568831924795848"]

[node name="LowerLeg_R" type="Node3D" parent="Root/Hips/UpperLeg_R"]
transform = Transform3D(0.998758, -0.0387686, -0.031288, -0.0242844, 0.16951, -0.985229, 0.0434995, 0.984766, 0.168358, 0.399309, -6.88338e-17, -5.33421e-17)
metadata/ufile_ids = ["8cccb88f6abce2445aec080d5a965bfb:4140806640909936", "8cccb88f6abce2445aec080d5a965bfb:1950857401668122"]

[node name="Ankle_R" type="Node3D" parent="Root/Hips/UpperLeg_R/LowerLeg_R"]
transform = Transform3D(0.482309, -0.875969, 0.00742956, -0.864116, -0.474357, 0.168194, -0.143808, -0.0875415, -0.985726, 0.377124, -7.77156e-17, 1.68199e-16)
metadata/ufile_ids = ["8cccb88f6abce2445aec080d5a965bfb:4193347583784892", "8cccb88f6abce2445aec080d5a965bfb:1917732982858478"]

[node name="Ball_R" type="Node3D" parent="Root/Hips/UpperLeg_R/LowerLeg_R/Ankle_R"]
transform = Transform3D(0.854183, -0.519973, -2.65799e-15, 0.519973, 0.854183, 7.41842e-16, 1.88467e-15, -2.01575e-15, 1, 0.11284, -1.15463e-16, -2.11335e-17)
metadata/ufile_ids = ["8cccb88f6abce2445aec080d5a965bfb:4246520920393566", "8cccb88f6abce2445aec080d5a965bfb:1450429188417918"]

[node name="Toes_R" type="Node3D" parent="Root/Hips/UpperLeg_R/LowerLeg_R/Ankle_R/Ball_R"]
transform = Transform3D(0, 5.33341e-14, 1, 0, 1, -5.33341e-14, -1, 0, 0, 0.0729576, 2.04009e-18, 3.40871e-18)
metadata/ufile_ids = ["8cccb88f6abce2445aec080d5a965bfb:4098856144283268", "8cccb88f6abce2445aec080d5a965bfb:1847760840792644"]
