[gd_scene load_steps=31 format=3 uid="uid://dcn5ljal1yh5l"]

[ext_resource type="ArrayMesh" path="res://assets/PolygonDungeon/Models/FixedScale/Characters_mesh/Character_Ghost_01_4300040.mesh" id="1_mxs6d"]
[ext_resource type="Material" path="res://assets/PolygonDungeon/Materials/Dungeon_Material_01.tres" id="2_lbak6"]
[ext_resource type="ArrayMesh" path="res://assets/PolygonDungeon/Models/FixedScale/Characters_mesh/Character_Ghost_02_4300032.mesh" id="3_oy2db"]
[ext_resource type="Material" path="res://assets/PolygonDungeon/Materials/Misc/Dungeons_Texture_Ghost.tres" id="4_gba0k"]
[ext_resource type="ArrayMesh" path="res://assets/PolygonDungeon/Models/FixedScale/Characters_mesh/Character_Goblin_Female_4300028.mesh" id="5_11aaf"]
[ext_resource type="ArrayMesh" path="res://assets/PolygonDungeon/Models/FixedScale/Characters_mesh/Character_Goblin_Male_4300046.mesh" id="6_8h3sq"]
[ext_resource type="ArrayMesh" path="res://assets/PolygonDungeon/Models/FixedScale/Characters_mesh/Character_Goblin_Shaman_4300038.mesh" id="7_8d1w5"]
[ext_resource type="ArrayMesh" path="res://assets/PolygonDungeon/Models/FixedScale/Characters_mesh/Character_Goblin_WarChief_4300052.mesh" id="8_ybmnb"]
[ext_resource type="ArrayMesh" path="res://assets/PolygonDungeon/Models/FixedScale/Characters_mesh/Character_Goblin_Warrior_Female_4300024.mesh" id="9_equcq"]
[ext_resource type="ArrayMesh" path="res://assets/PolygonDungeon/Models/FixedScale/Characters_mesh/Character_Goblin_Warrior_Male_4300034.mesh" id="10_l0fbk"]
[ext_resource type="ArrayMesh" path="res://assets/PolygonDungeon/Models/FixedScale/Characters_mesh/Character_Hero_Knight_Female_4300030.mesh" id="11_g8wlb"]
[ext_resource type="ArrayMesh" path="res://assets/PolygonDungeon/Models/FixedScale/Characters_mesh/Character_Hero_Knight_Male_4300048.mesh" id="12_jkrfo"]
[ext_resource type="ArrayMesh" path="res://assets/PolygonDungeon/Models/FixedScale/Characters_mesh/Character_Rock_Golem_4300036.mesh" id="13_vmt0g"]
[ext_resource type="ArrayMesh" path="res://assets/PolygonDungeon/Models/FixedScale/Characters_mesh/Character_Skeleton_Knight_4300026.mesh" id="14_q44da"]
[ext_resource type="ArrayMesh" path="res://assets/PolygonDungeon/Models/FixedScale/Characters_mesh/Character_Skeleton_Slave_01_4300050.mesh" id="15_xu71b"]
[ext_resource type="ArrayMesh" path="res://assets/PolygonDungeon/Models/FixedScale/Characters_mesh/Character_Skeleton_Soldier_01_4300054.mesh" id="16_s0id2"]
[ext_resource type="ArrayMesh" path="res://assets/PolygonDungeon/Models/FixedScale/Characters_mesh/Character_Skeleton_Soldier_02_4300044.mesh" id="17_wfsk4"]
[ext_resource type="ArrayMesh" path="res://assets/PolygonDungeon/Models/FixedScale/Characters_mesh/Character_Tormented_Soul_4300042.mesh" id="18_o1d5q"]
[ext_resource type="ArrayMesh" path="res://assets/PolygonDungeon/Models/FixedScale/Characters_mesh/SM_Item_Bag_Large_4300022.mesh" id="19_u4l0e"]
[ext_resource type="ArrayMesh" path="res://assets/PolygonDungeon/Models/FixedScale/Characters_mesh/SM_Item_Bags_4300014.mesh" id="20_dkeyr"]
[ext_resource type="ArrayMesh" path="res://assets/PolygonDungeon/Models/FixedScale/Characters_mesh/SM_Item_Bones_4300020.mesh" id="21_lvwed"]
[ext_resource type="ArrayMesh" path="res://assets/PolygonDungeon/Models/FixedScale/Characters_mesh/SM_Item_Horn_4300018.mesh" id="22_1oqhx"]
[ext_resource type="ArrayMesh" path="res://assets/PolygonDungeon/Models/FixedScale/Characters_mesh/SM_Item_Shrooms_4300016.mesh" id="23_flop3"]
[ext_resource type="ArrayMesh" path="res://assets/PolygonDungeon/Models/FixedScale/Characters_mesh/SM_Item_Shrunken_Head_4300012.mesh" id="24_2ajxi"]
[ext_resource type="ArrayMesh" path="res://assets/PolygonDungeon/Models/FixedScale/Characters_mesh/SM_Item_Goblin_WarBanner_4300006.mesh" id="25_cstgc"]
[ext_resource type="ArrayMesh" path="res://assets/PolygonDungeon/Models/FixedScale/Characters_mesh/SM_Item_Shield_4300010.mesh" id="26_nisue"]
[ext_resource type="ArrayMesh" path="res://assets/PolygonDungeon/Models/FixedScale/Characters_mesh/SM_Item_Sword_4300008.mesh" id="27_ax7qk"]
[ext_resource type="ArrayMesh" path="res://assets/PolygonDungeon/Models/FixedScale/Characters_mesh/SM_Item_Goblin_Hair_4300000.mesh" id="28_paemp"]
[ext_resource type="ArrayMesh" path="res://assets/PolygonDungeon/Models/FixedScale/Characters_mesh/SM_Item_Mask_01_4300002.mesh" id="29_xoxql"]
[ext_resource type="ArrayMesh" path="res://assets/PolygonDungeon/Models/FixedScale/Characters_mesh/SM_Item_Mask_02_4300004.mesh" id="30_ljy30"]

[node name="Character_Ghost_02_FixedScale" type="Node3D"]
metadata/ufile_ids = ["d2b11d59c34b8794a916e2e3adca29b6:4850821539215138", "d2b11d59c34b8794a916e2e3adca29b6:1423417334750076", "d2b11d59c34b8794a916e2e3adca29b6:95119952925627344"]

[node name="Character_Ghost_01" type="Node3D" parent="."]
visible = false
metadata/ufile_ids = ["d2b11d59c34b8794a916e2e3adca29b6:4364240146476228", "d2b11d59c34b8794a916e2e3adca29b6:1419749604333062", "d2b11d59c34b8794a916e2e3adca29b6:137259575799487494"]

[node name="_mesh" type="MeshInstance3D" parent="Character_Ghost_01"]
mesh = ExtResource("1_mxs6d")
surface_material_override/0 = ExtResource("2_lbak6")

[node name="Character_Ghost_02" type="Node3D" parent="."]
metadata/ufile_ids = ["d2b11d59c34b8794a916e2e3adca29b6:4276294644238104", "d2b11d59c34b8794a916e2e3adca29b6:1494471952940772", "d2b11d59c34b8794a916e2e3adca29b6:137217011657055878"]

[node name="_mesh" type="MeshInstance3D" parent="Character_Ghost_02"]
mesh = ExtResource("3_oy2db")
surface_material_override/0 = ExtResource("4_gba0k")

[node name="Character_Goblin_Female" type="Node3D" parent="."]
visible = false
metadata/ufile_ids = ["d2b11d59c34b8794a916e2e3adca29b6:4478686083702838", "d2b11d59c34b8794a916e2e3adca29b6:1984016332928706", "d2b11d59c34b8794a916e2e3adca29b6:137317884592740536"]

[node name="_mesh" type="MeshInstance3D" parent="Character_Goblin_Female"]
mesh = ExtResource("5_11aaf")
surface_material_override/0 = ExtResource("2_lbak6")

[node name="Character_Goblin_Male" type="Node3D" parent="."]
visible = false
metadata/ufile_ids = ["d2b11d59c34b8794a916e2e3adca29b6:4007068305521662", "d2b11d59c34b8794a916e2e3adca29b6:1275744629949358", "d2b11d59c34b8794a916e2e3adca29b6:137688416496629054"]

[node name="_mesh" type="MeshInstance3D" parent="Character_Goblin_Male"]
mesh = ExtResource("6_8h3sq")
surface_material_override/0 = ExtResource("2_lbak6")

[node name="Character_Goblin_Shaman" type="Node3D" parent="."]
visible = false
metadata/ufile_ids = ["d2b11d59c34b8794a916e2e3adca29b6:4366729666009810", "d2b11d59c34b8794a916e2e3adca29b6:1912332140410446", "d2b11d59c34b8794a916e2e3adca29b6:137392709570784414"]

[node name="_mesh" type="MeshInstance3D" parent="Character_Goblin_Shaman"]
mesh = ExtResource("7_8d1w5")
surface_material_override/0 = ExtResource("2_lbak6")

[node name="Character_Goblin_WarChief" type="Node3D" parent="."]
visible = false
metadata/ufile_ids = ["d2b11d59c34b8794a916e2e3adca29b6:4169977952097684", "d2b11d59c34b8794a916e2e3adca29b6:1438574301312900", "d2b11d59c34b8794a916e2e3adca29b6:137211638264852534"]

[node name="_mesh" type="MeshInstance3D" parent="Character_Goblin_WarChief"]
mesh = ExtResource("8_ybmnb")
surface_material_override/0 = ExtResource("2_lbak6")

[node name="Character_Goblin_Warrior_Female" type="Node3D" parent="."]
visible = false
metadata/ufile_ids = ["d2b11d59c34b8794a916e2e3adca29b6:4057464685256368", "d2b11d59c34b8794a916e2e3adca29b6:1100323268710304", "d2b11d59c34b8794a916e2e3adca29b6:137855993540178728"]

[node name="_mesh" type="MeshInstance3D" parent="Character_Goblin_Warrior_Female"]
mesh = ExtResource("9_equcq")
surface_material_override/0 = ExtResource("2_lbak6")

[node name="Character_Goblin_Warrior_Male" type="Node3D" parent="."]
visible = false
metadata/ufile_ids = ["d2b11d59c34b8794a916e2e3adca29b6:4528083150429110", "d2b11d59c34b8794a916e2e3adca29b6:1073573463607702", "d2b11d59c34b8794a916e2e3adca29b6:137361795515068382"]

[node name="_mesh" type="MeshInstance3D" parent="Character_Goblin_Warrior_Male"]
mesh = ExtResource("10_l0fbk")
surface_material_override/0 = ExtResource("2_lbak6")

[node name="Character_Hero_Knight_Female" type="Node3D" parent="."]
visible = false
metadata/ufile_ids = ["d2b11d59c34b8794a916e2e3adca29b6:4816354510232726", "d2b11d59c34b8794a916e2e3adca29b6:1106135656543080", "d2b11d59c34b8794a916e2e3adca29b6:137924378528646976"]

[node name="_mesh" type="MeshInstance3D" parent="Character_Hero_Knight_Female"]
mesh = ExtResource("11_g8wlb")
surface_material_override/0 = ExtResource("2_lbak6")

[node name="Character_Hero_Knight_Male" type="Node3D" parent="."]
visible = false
metadata/ufile_ids = ["d2b11d59c34b8794a916e2e3adca29b6:4918839696236342", "d2b11d59c34b8794a916e2e3adca29b6:1555025266419374", "d2b11d59c34b8794a916e2e3adca29b6:137443609286842138"]

[node name="_mesh" type="MeshInstance3D" parent="Character_Hero_Knight_Male"]
mesh = ExtResource("12_jkrfo")
surface_material_override/0 = ExtResource("2_lbak6")

[node name="Character_Rock_Golem" type="Node3D" parent="."]
visible = false
metadata/ufile_ids = ["d2b11d59c34b8794a916e2e3adca29b6:4292478523769138", "d2b11d59c34b8794a916e2e3adca29b6:1194589131576346", "d2b11d59c34b8794a916e2e3adca29b6:137748585943724802"]

[node name="_mesh" type="MeshInstance3D" parent="Character_Rock_Golem"]
mesh = ExtResource("13_vmt0g")
surface_material_override/0 = ExtResource("2_lbak6")

[node name="Character_Skeleton_Knight" type="Node3D" parent="."]
visible = false
metadata/ufile_ids = ["d2b11d59c34b8794a916e2e3adca29b6:4786318072520284", "d2b11d59c34b8794a916e2e3adca29b6:1427853587405036", "d2b11d59c34b8794a916e2e3adca29b6:137789988925068472"]

[node name="_mesh" type="MeshInstance3D" parent="Character_Skeleton_Knight"]
mesh = ExtResource("14_q44da")
surface_material_override/0 = ExtResource("2_lbak6")

[node name="Character_Skeleton_Slave_01" type="Node3D" parent="."]
visible = false
metadata/ufile_ids = ["d2b11d59c34b8794a916e2e3adca29b6:4643352620097908", "d2b11d59c34b8794a916e2e3adca29b6:1861676085418262", "d2b11d59c34b8794a916e2e3adca29b6:137413685093579874"]

[node name="_mesh" type="MeshInstance3D" parent="Character_Skeleton_Slave_01"]
mesh = ExtResource("15_xu71b")
surface_material_override/0 = ExtResource("2_lbak6")

[node name="Character_Skeleton_Soldier_01" type="Node3D" parent="."]
visible = false
metadata/ufile_ids = ["d2b11d59c34b8794a916e2e3adca29b6:4609476524301732", "d2b11d59c34b8794a916e2e3adca29b6:1490545680754238", "d2b11d59c34b8794a916e2e3adca29b6:137164729483277994"]

[node name="_mesh" type="MeshInstance3D" parent="Character_Skeleton_Soldier_01"]
mesh = ExtResource("16_s0id2")
surface_material_override/0 = ExtResource("2_lbak6")

[node name="Character_Skeleton_Soldier_02" type="Node3D" parent="."]
visible = false
metadata/ufile_ids = ["d2b11d59c34b8794a916e2e3adca29b6:4262254247897272", "d2b11d59c34b8794a916e2e3adca29b6:1979787004869348", "d2b11d59c34b8794a916e2e3adca29b6:137008907467465188"]

[node name="_mesh" type="MeshInstance3D" parent="Character_Skeleton_Soldier_02"]
mesh = ExtResource("17_wfsk4")
surface_material_override/0 = ExtResource("2_lbak6")

[node name="Character_Tormented_Soul" type="Node3D" parent="."]
visible = false
metadata/ufile_ids = ["d2b11d59c34b8794a916e2e3adca29b6:4519448326542964", "d2b11d59c34b8794a916e2e3adca29b6:1154469050106356", "d2b11d59c34b8794a916e2e3adca29b6:137134297783901426"]

[node name="_mesh" type="MeshInstance3D" parent="Character_Tormented_Soul"]
mesh = ExtResource("18_o1d5q")
surface_material_override/0 = ExtResource("2_lbak6")

[node name="Root" type="Node3D" parent="."]
metadata/ufile_ids = ["d2b11d59c34b8794a916e2e3adca29b6:4577688888664572", "d2b11d59c34b8794a916e2e3adca29b6:1409870912127382"]

[node name="Hips" type="Node3D" parent="Root"]
transform = Transform3D(0, 0, 1, 0.988775, 0.149412, 0, -0.149412, 0.988775, 0, 0, 0.876276, 0)
metadata/ufile_ids = ["d2b11d59c34b8794a916e2e3adca29b6:4047425220059158", "d2b11d59c34b8794a916e2e3adca29b6:1238713007303428"]

[node name="SM_Item_Bag_Large" type="Node3D" parent="Root/Hips"]
transform = Transform3D(0, 0.988775, -0.149412, 0, 0.149412, 0.988775, 1, 0, 0, 0.0734897, 0.0111049, -0.206229)
visible = false
metadata/ufile_ids = ["d2b11d59c34b8794a916e2e3adca29b6:4430764144947188", "d2b11d59c34b8794a916e2e3adca29b6:1291789232533252", "d2b11d59c34b8794a916e2e3adca29b6:33031279007767146", "d2b11d59c34b8794a916e2e3adca29b6:23089127370499568"]

[node name="_mesh" type="MeshInstance3D" parent="Root/Hips/SM_Item_Bag_Large"]
mesh = ExtResource("19_u4l0e")
surface_material_override/0 = ExtResource("2_lbak6")

[node name="SM_Item_Bags" type="Node3D" parent="Root/Hips"]
transform = Transform3D(0, 0.988775, -0.149412, 0, 0.149412, 0.988775, 1, 0, 0, 0.0734897, 0.0111049, -0.206229)
visible = false
metadata/ufile_ids = ["d2b11d59c34b8794a916e2e3adca29b6:4780702382214572", "d2b11d59c34b8794a916e2e3adca29b6:1183610167588362", "d2b11d59c34b8794a916e2e3adca29b6:33045631811328060", "d2b11d59c34b8794a916e2e3adca29b6:23654053930012546"]

[node name="_mesh" type="MeshInstance3D" parent="Root/Hips/SM_Item_Bags"]
mesh = ExtResource("20_dkeyr")
surface_material_override/0 = ExtResource("2_lbak6")

[node name="SM_Item_Bones" type="Node3D" parent="Root/Hips"]
transform = Transform3D(0, 0.988775, -0.149412, 0, 0.149412, 0.988775, 1, 0, 0, 0.0902181, 0.0136327, -0.187515)
visible = false
metadata/ufile_ids = ["d2b11d59c34b8794a916e2e3adca29b6:4704265550190416", "d2b11d59c34b8794a916e2e3adca29b6:1366705232063688", "d2b11d59c34b8794a916e2e3adca29b6:33561027712119688", "d2b11d59c34b8794a916e2e3adca29b6:23197469607300108"]

[node name="_mesh" type="MeshInstance3D" parent="Root/Hips/SM_Item_Bones"]
mesh = ExtResource("21_lvwed")
surface_material_override/0 = ExtResource("2_lbak6")

[node name="SM_Item_Horn" type="Node3D" parent="Root/Hips"]
transform = Transform3D(0, 0.988775, -0.149412, 0, 0.149412, 0.988775, 1, 0, 0, 0.0795274, 0.0120172, 0.165818)
visible = false
metadata/ufile_ids = ["d2b11d59c34b8794a916e2e3adca29b6:4963410272385516", "d2b11d59c34b8794a916e2e3adca29b6:1225164557273932", "d2b11d59c34b8794a916e2e3adca29b6:33531164429852960", "d2b11d59c34b8794a916e2e3adca29b6:23601626219782830"]

[node name="_mesh" type="MeshInstance3D" parent="Root/Hips/SM_Item_Horn"]
mesh = ExtResource("22_1oqhx")
surface_material_override/0 = ExtResource("2_lbak6")

[node name="SM_Item_Shrooms" type="Node3D" parent="Root/Hips"]
transform = Transform3D(0, 0.988775, -0.149412, 0, 0.149412, 0.988775, 1, 0, 0, 0.0617986, 0.00933827, 0.189238)
visible = false
metadata/ufile_ids = ["d2b11d59c34b8794a916e2e3adca29b6:4290323219148398", "d2b11d59c34b8794a916e2e3adca29b6:1782153241053886", "d2b11d59c34b8794a916e2e3adca29b6:33065149619191758", "d2b11d59c34b8794a916e2e3adca29b6:23362163216211090"]

[node name="_mesh" type="MeshInstance3D" parent="Root/Hips/SM_Item_Shrooms"]
mesh = ExtResource("23_flop3")
surface_material_override/0 = ExtResource("2_lbak6")

[node name="SM_Item_Shrunken_Head" type="Node3D" parent="Root/Hips"]
transform = Transform3D(-0.122535, 0.939419, 0.32012, 0.991102, 0.0989298, 0.0890537, 0.0519893, 0.328184, -0.943182, 0.0656217, -0.00134331, -0.176248)
visible = false
metadata/ufile_ids = ["d2b11d59c34b8794a916e2e3adca29b6:4668547480488382", "d2b11d59c34b8794a916e2e3adca29b6:1253171054546584", "d2b11d59c34b8794a916e2e3adca29b6:33612222646877274", "d2b11d59c34b8794a916e2e3adca29b6:23645762971486156"]

[node name="_mesh" type="MeshInstance3D" parent="Root/Hips/SM_Item_Shrunken_Head"]
mesh = ExtResource("24_2ajxi")
surface_material_override/0 = ExtResource("2_lbak6")

[node name="Spine_01" type="Node3D" parent="Root/Hips"]
transform = Transform3D(0.980128, 0.198365, -2.61763e-15, 0.198365, -0.980128, -4.04826e-16, -2.64591e-15, -1.22465e-16, -1, 0.103933, 1.33227e-17, 4.61554e-17)
metadata/ufile_ids = ["d2b11d59c34b8794a916e2e3adca29b6:4988913065153556", "d2b11d59c34b8794a916e2e3adca29b6:1414741294437448"]

[node name="Spine_02" type="Node3D" parent="Root/Hips/Spine_01"]
transform = Transform3D(0.980791, 0.195062, 1.17531e-15, 0.195062, -0.980791, 3.58611e-16, 1.22268e-15, -1.22465e-16, -1, 0.181512, 1.55431e-17, -7.10107e-17)
metadata/ufile_ids = ["d2b11d59c34b8794a916e2e3adca29b6:4501437489552442", "d2b11d59c34b8794a916e2e3adca29b6:1624896927405656"]

[node name="SM_Item_Goblin_WarBanner" type="Node3D" parent="Root/Hips/Spine_01/Spine_02"]
transform = Transform3D(0, 0.989273, -0.14608, 0, 0.14608, 0.989273, 1, 0, 0, 0.100745, -0.137135, 3.42695e-15)
visible = false
metadata/ufile_ids = ["d2b11d59c34b8794a916e2e3adca29b6:4478196751193738", "d2b11d59c34b8794a916e2e3adca29b6:1448439654316182", "d2b11d59c34b8794a916e2e3adca29b6:33630132013755652", "d2b11d59c34b8794a916e2e3adca29b6:23336614391968134"]

[node name="_mesh" type="MeshInstance3D" parent="Root/Hips/Spine_01/Spine_02/SM_Item_Goblin_WarBanner"]
mesh = ExtResource("25_cstgc")
surface_material_override/0 = ExtResource("2_lbak6")

[node name="SM_Item_Shield" type="Node3D" parent="Root/Hips/Spine_01/Spine_02"]
transform = Transform3D(0, 0.989273, -0.14608, 0, 0.14608, 0.989273, 1, 0, 0, 0.194008, -0.0959115, 4.07389e-15)
visible = false
metadata/ufile_ids = ["d2b11d59c34b8794a916e2e3adca29b6:4842997822529188", "d2b11d59c34b8794a916e2e3adca29b6:1437659807246528", "d2b11d59c34b8794a916e2e3adca29b6:33158382812129408", "d2b11d59c34b8794a916e2e3adca29b6:23865079249396486"]

[node name="_mesh" type="MeshInstance3D" parent="Root/Hips/Spine_01/Spine_02/SM_Item_Shield"]
mesh = ExtResource("26_nisue")
surface_material_override/0 = ExtResource("2_lbak6")

[node name="SM_Item_Sword" type="Node3D" parent="Root/Hips/Spine_01/Spine_02"]
transform = Transform3D(0, 0.989273, -0.14608, 0, 0.14608, 0.989273, 1, 0, 0, 0.169072, -0.120668, 3.97542e-15)
visible = false
metadata/ufile_ids = ["d2b11d59c34b8794a916e2e3adca29b6:4678893305405264", "d2b11d59c34b8794a916e2e3adca29b6:1143711928826040", "d2b11d59c34b8794a916e2e3adca29b6:33225132387091610", "d2b11d59c34b8794a916e2e3adca29b6:23106754681522528"]

[node name="_mesh" type="MeshInstance3D" parent="Root/Hips/Spine_01/Spine_02/SM_Item_Sword"]
mesh = ExtResource("27_ax7qk")
surface_material_override/0 = ExtResource("2_lbak6")

[node name="Spine_03" type="Node3D" parent="Root/Hips/Spine_01/Spine_02"]
transform = Transform3D(0.975318, 0.220805, 6.48372e-17, 0.220805, -0.975318, 1.40243e-16, 9.42032e-17, -1.22465e-16, -1, 0.179037, 2.22045e-17, 7.50973e-17)
metadata/ufile_ids = ["d2b11d59c34b8794a916e2e3adca29b6:4970438503543356", "d2b11d59c34b8794a916e2e3adca29b6:1802665036328962"]

[node name="Clavicle_L" type="Node3D" parent="Root/Hips/Spine_01/Spine_02/Spine_03"]
transform = Transform3D(-0.0486081, 0.996564, 0.0670689, 0.467129, 0.0820338, -0.880376, -0.882852, -0.0114635, -0.469511, 0.0580117, -0.0419145, -0.0744715)
metadata/ufile_ids = ["d2b11d59c34b8794a916e2e3adca29b6:4759185666831098", "d2b11d59c34b8794a916e2e3adca29b6:1861108607170988"]

[node name="Shoulder_L" type="Node3D" parent="Root/Hips/Spine_01/Spine_02/Spine_03/Clavicle_L"]
transform = Transform3D(0.885509, 0.0602784, -0.460696, -0.0710111, 0.997458, -0.00598189, 0.459164, 0.0380115, 0.887538, 0.131979, -4.85723e-19, -2.66454e-17)
metadata/ufile_ids = ["d2b11d59c34b8794a916e2e3adca29b6:4331687220478424", "d2b11d59c34b8794a916e2e3adca29b6:1094984550916226"]

[node name="Elbow_L" type="Node3D" parent="Root/Hips/Spine_01/Spine_02/Spine_03/Clavicle_L/Shoulder_L"]
transform = Transform3D(0.993276, -0.0825021, -0.081223, 0.0822276, 0.996591, -0.00672399, 0.0815009, -2.32831e-10, 0.996673, 0.339474, -0.00144907, -0.00143626)
metadata/ufile_ids = ["d2b11d59c34b8794a916e2e3adca29b6:4114778156591596", "d2b11d59c34b8794a916e2e3adca29b6:1315296181301130"]

[node name="Hand_L" type="Node3D" parent="Root/Hips/Spine_01/Spine_02/Spine_03/Clavicle_L/Shoulder_L/Elbow_L"]
transform = Transform3D(0.997432, 3.33198e-15, 0.0716155, -3.33544e-15, 1, -7.12448e-17, -0.0716155, -1.67807e-16, 0.997432, 0.271145, 0, -0.000381364)
metadata/ufile_ids = ["d2b11d59c34b8794a916e2e3adca29b6:4853375700274402", "d2b11d59c34b8794a916e2e3adca29b6:1438000788706994"]

[node name="Finger_01" type="Node3D" parent="Root/Hips/Spine_01/Spine_02/Spine_03/Clavicle_L/Shoulder_L/Elbow_L/Hand_L"]
transform = Transform3D(0.98976, 0.11253, 0.0878153, -0.112967, 0.993599, 0, -0.0872532, -0.0099202, 0.996137, 0.0998253, -0.00115959, -0.0328334)
metadata/ufile_ids = ["d2b11d59c34b8794a916e2e3adca29b6:4604479994464724", "d2b11d59c34b8794a916e2e3adca29b6:1706957202900936"]

[node name="Finger_02" type="Node3D" parent="Root/Hips/Spine_01/Spine_02/Spine_03/Clavicle_L/Shoulder_L/Elbow_L/Hand_L/Finger_01"]
transform = Transform3D(0.998335, 0.042418, -0.0390799, -0.0426236, 0.999081, -0.00444316, 0.0388555, 0.00610149, 0.999226, 0.0424881, -1.05818e-17, -8.32667e-18)
metadata/ufile_ids = ["d2b11d59c34b8794a916e2e3adca29b6:4927903085636384", "d2b11d59c34b8794a916e2e3adca29b6:1004181840684056"]

[node name="Finger_03" type="Node3D" parent="Root/Hips/Spine_01/Spine_02/Spine_03/Clavicle_L/Shoulder_L/Elbow_L/Hand_L/Finger_01/Finger_02"]
transform = Transform3D(0.972665, 0.181128, 0.145312, -0.186317, 0.982225, 0.0228184, -0.138596, -0.0492687, 0.989123, 0.0351333, -3.00324e-16, 3.77476e-17)
metadata/ufile_ids = ["d2b11d59c34b8794a916e2e3adca29b6:4214320529784820", "d2b11d59c34b8794a916e2e3adca29b6:1018955047818558"]

[node name="Finger_04" type="Node3D" parent="Root/Hips/Spine_01/Spine_02/Spine_03/Clavicle_L/Shoulder_L/Elbow_L/Hand_L/Finger_01/Finger_02/Finger_03"]
transform = Transform3D(0.924156, -0.33495, -0.183697, 0.328523, 0.942236, -0.0653013, 0.194958, 0, 0.980812, 0.0300324, 2.12677e-16, -1.11022e-18)
metadata/ufile_ids = ["d2b11d59c34b8794a916e2e3adca29b6:4991725714182584", "d2b11d59c34b8794a916e2e3adca29b6:1006135445722556"]

[node name="IndexFinger_01" type="Node3D" parent="Root/Hips/Spine_01/Spine_02/Spine_03/Clavicle_L/Shoulder_L/Elbow_L/Hand_L"]
transform = Transform3D(0.991306, 0.00845244, -0.131305, -0.00852626, 0.999964, 0, 0.1313, 0.00111954, 0.991342, 0.103966, 0.00398715, 0.0267265)
metadata/ufile_ids = ["d2b11d59c34b8794a916e2e3adca29b6:4408080460541234", "d2b11d59c34b8794a916e2e3adca29b6:1124930669003252"]

[node name="IndexFinger_02" type="Node3D" parent="Root/Hips/Spine_01/Spine_02/Spine_03/Clavicle_L/Shoulder_L/Elbow_L/Hand_L/IndexFinger_01"]
transform = Transform3D(0.980432, 0.19567, 0.0216048, -0.19572, 0.98066, 0.000184215, -0.021151, -0.00440911, 0.999767, 0.0409363, -1.52764e-18, 2.44249e-17)
metadata/ufile_ids = ["d2b11d59c34b8794a916e2e3adca29b6:4601668670309488", "d2b11d59c34b8794a916e2e3adca29b6:1238332678795848"]

[node name="IndexFinger_03" type="Node3D" parent="Root/Hips/Spine_01/Spine_02/Spine_03/Clavicle_L/Shoulder_L/Elbow_L/Hand_L/IndexFinger_01/IndexFinger_02"]
transform = Transform3D(0.992179, 0.113423, 0.0521209, -0.114134, 0.993406, 0.0108651, -0.0505449, -0.0167289, 0.998582, 0.0379119, -2.1462e-16, -3.83027e-17)
metadata/ufile_ids = ["d2b11d59c34b8794a916e2e3adca29b6:4273770297309440", "d2b11d59c34b8794a916e2e3adca29b6:1212001915632300"]

[node name="IndexFinger_04" type="Node3D" parent="Root/Hips/Spine_01/Spine_02/Spine_03/Clavicle_L/Shoulder_L/Elbow_L/Hand_L/IndexFinger_01/IndexFinger_02/IndexFinger_03"]
transform = Transform3D(0.947822, -0.314209, 0.0539051, 0.313702, 0.949354, 0.017841, -0.0567808, 9.31323e-10, 0.998387, 0.0377979, -1.92841e-16, -9.99201e-18)
metadata/ufile_ids = ["d2b11d59c34b8794a916e2e3adca29b6:4444994962710004", "d2b11d59c34b8794a916e2e3adca29b6:1575778246904308"]

[node name="Thumb_01" type="Node3D" parent="Root/Hips/Spine_01/Spine_02/Spine_03/Clavicle_L/Shoulder_L/Elbow_L/Hand_L"]
transform = Transform3D(0.831214, 0.154317, -0.534106, -0.182534, 0.9832, 1.11759e-08, 0.525132, 0.0974924, 0.845418, 0.0351405, -0.0117069, 0.0450554)
metadata/ufile_ids = ["d2b11d59c34b8794a916e2e3adca29b6:4514627598715398", "d2b11d59c34b8794a916e2e3adca29b6:1047593475426602"]

[node name="Thumb_02" type="Node3D" parent="Root/Hips/Spine_01/Spine_02/Spine_03/Clavicle_L/Shoulder_L/Elbow_L/Hand_L/Thumb_01"]
transform = Transform3D(0.932106, 0.268778, 0.242769, -0.287605, 0.956688, 0.0450708, -0.22014, -0.111832, 0.969037, 0.0637021, -6.10623e-18, 4.44089e-18)
metadata/ufile_ids = ["d2b11d59c34b8794a916e2e3adca29b6:4493316835719754", "d2b11d59c34b8794a916e2e3adca29b6:1462464169455908"]

[node name="Thumb_03" type="Node3D" parent="Root/Hips/Spine_01/Spine_02/Spine_03/Clavicle_L/Shoulder_L/Elbow_L/Hand_L/Thumb_01/Thumb_02"]
transform = Transform3D(0.847975, -0.452915, 0.27533, 0.430776, 0.891554, 0.139869, -0.30882, 0, 0.951121, 0.0566557, 2.91156e-16, 3.9968e-17)
metadata/ufile_ids = ["d2b11d59c34b8794a916e2e3adca29b6:4596364259291556", "d2b11d59c34b8794a916e2e3adca29b6:1100944258143652"]

[node name="Clavicle_R" type="Node3D" parent="Root/Hips/Spine_01/Spine_02/Spine_03"]
transform = Transform3D(0.0486079, -0.996564, -0.0670688, -0.467129, -0.0820339, 0.880376, -0.882852, -0.0114635, -0.469511, 0.0580153, -0.0419142, 0.0744715)
metadata/ufile_ids = ["d2b11d59c34b8794a916e2e3adca29b6:4488841875038172", "d2b11d59c34b8794a916e2e3adca29b6:1994875489411322"]

[node name="Shoulder_R" type="Node3D" parent="Root/Hips/Spine_01/Spine_02/Spine_03/Clavicle_R"]
transform = Transform3D(0.885509, 0.0602784, -0.460696, -0.0710111, 0.997458, -0.00598189, 0.459164, 0.0380115, 0.887538, -0.131979, 6.47339e-06, 4.73534e-08)
metadata/ufile_ids = ["d2b11d59c34b8794a916e2e3adca29b6:4682794262250730", "d2b11d59c34b8794a916e2e3adca29b6:1774584011667780"]

[node name="Elbow_R" type="Node3D" parent="Root/Hips/Spine_01/Spine_02/Spine_03/Clavicle_R/Shoulder_R"]
transform = Transform3D(0.993276, -0.0825021, -0.081223, 0.0822276, 0.996591, -0.00672399, 0.0815009, -2.32831e-10, 0.996673, -0.339475, 0.00144759, 0.00143626)
metadata/ufile_ids = ["d2b11d59c34b8794a916e2e3adca29b6:4164603697155866", "d2b11d59c34b8794a916e2e3adca29b6:1296422148834618"]

[node name="Hand_R" type="Node3D" parent="Root/Hips/Spine_01/Spine_02/Spine_03/Clavicle_R/Shoulder_R/Elbow_R"]
transform = Transform3D(0.997432, -2.35026e-15, 0.0716155, 2.33581e-15, 1, 2.85541e-16, -0.0716155, -1.17528e-16, 0.997432, -0.271145, -2.84217e-16, 0.000381361)
metadata/ufile_ids = ["d2b11d59c34b8794a916e2e3adca29b6:4804749542617216", "d2b11d59c34b8794a916e2e3adca29b6:1023304393451850"]

[node name="Finger_01 1" type="Node3D" parent="Root/Hips/Spine_01/Spine_02/Spine_03/Clavicle_R/Shoulder_R/Elbow_R/Hand_R"]
transform = Transform3D(0.98976, 0.11253, 0.0878153, -0.112967, 0.993599, 0, -0.0872532, -0.0099202, 0.996137, -0.099825, 0.00116, 0.0328334)
metadata/ufile_ids = ["d2b11d59c34b8794a916e2e3adca29b6:4261534894186856", "d2b11d59c34b8794a916e2e3adca29b6:1213534164850504"]

[node name="Finger_02 1" type="Node3D" parent="Root/Hips/Spine_01/Spine_02/Spine_03/Clavicle_R/Shoulder_R/Elbow_R/Hand_R/Finger_01 1"]
transform = Transform3D(0.998335, 0.042418, -0.0390799, -0.0426236, 0.999081, -0.00444316, 0.0388555, 0.00610149, 0.999226, -0.0424881, 2.65344e-07, -1.97899e-08)
metadata/ufile_ids = ["d2b11d59c34b8794a916e2e3adca29b6:4728260798036190", "d2b11d59c34b8794a916e2e3adca29b6:1184283265910778"]

[node name="Finger_03 1" type="Node3D" parent="Root/Hips/Spine_01/Spine_02/Spine_03/Clavicle_R/Shoulder_R/Elbow_R/Hand_R/Finger_01 1/Finger_02 1"]
transform = Transform3D(0.972665, 0.181128, 0.145312, -0.186317, 0.982225, 0.0228184, -0.138596, -0.0492687, 0.989123, -0.0351332, -1.99785e-07, 1.48536e-08)
metadata/ufile_ids = ["d2b11d59c34b8794a916e2e3adca29b6:4134774792793256", "d2b11d59c34b8794a916e2e3adca29b6:1094970086342680"]

[node name="Finger_04 1" type="Node3D" parent="Root/Hips/Spine_01/Spine_02/Spine_03/Clavicle_R/Shoulder_R/Elbow_R/Hand_R/Finger_01 1/Finger_02 1/Finger_03 1"]
transform = Transform3D(0.924156, -0.33495, -0.183697, 0.328523, 0.942236, -0.0653013, 0.194958, 0, 0.980812, -0.0300311, 1.13347e-06, 3.5911e-07)
metadata/ufile_ids = ["d2b11d59c34b8794a916e2e3adca29b6:4624956518065616", "d2b11d59c34b8794a916e2e3adca29b6:1971702264530292"]

[node name="IndexFinger_01 1" type="Node3D" parent="Root/Hips/Spine_01/Spine_02/Spine_03/Clavicle_R/Shoulder_R/Elbow_R/Hand_R"]
transform = Transform3D(0.991306, 0.00845244, -0.131305, -0.00852626, 0.999964, 0, 0.1313, 0.00111954, 0.991342, -0.103966, -0.00399, -0.0267265)
metadata/ufile_ids = ["d2b11d59c34b8794a916e2e3adca29b6:4696354364838376", "d2b11d59c34b8794a916e2e3adca29b6:1128593210177294"]

[node name="IndexFinger_02 1" type="Node3D" parent="Root/Hips/Spine_01/Spine_02/Spine_03/Clavicle_R/Shoulder_R/Elbow_R/Hand_R/IndexFinger_01 1"]
transform = Transform3D(0.980432, 0.19567, 0.0216048, -0.19572, 0.98066, 0.000184215, -0.021151, -0.00440911, 0.999767, -0.0409359, 9.69869e-07, -4.95675e-08)
metadata/ufile_ids = ["d2b11d59c34b8794a916e2e3adca29b6:4163585989729438", "d2b11d59c34b8794a916e2e3adca29b6:1599081011014986"]

[node name="IndexFinger_03 1" type="Node3D" parent="Root/Hips/Spine_01/Spine_02/Spine_03/Clavicle_R/Shoulder_R/Elbow_R/Hand_R/IndexFinger_01 1/IndexFinger_02 1"]
transform = Transform3D(0.992179, 0.113423, 0.0521209, -0.114134, 0.993406, 0.0108651, -0.0505449, -0.0167289, 0.998582, -0.0379121, 3.24998e-06, -4.54529e-08)
metadata/ufile_ids = ["d2b11d59c34b8794a916e2e3adca29b6:4129203876123226", "d2b11d59c34b8794a916e2e3adca29b6:1964587266315726"]

[node name="IndexFinger_04 1" type="Node3D" parent="Root/Hips/Spine_01/Spine_02/Spine_03/Clavicle_R/Shoulder_R/Elbow_R/Hand_R/IndexFinger_01 1/IndexFinger_02 1/IndexFinger_03 1"]
transform = Transform3D(0.947822, -0.314209, 0.0539051, 0.313702, 0.949354, 0.017841, -0.0567808, 9.31323e-10, 0.998387, -0.0377933, -5.26571e-06, -1.55074e-07)
metadata/ufile_ids = ["d2b11d59c34b8794a916e2e3adca29b6:4187997373936072", "d2b11d59c34b8794a916e2e3adca29b6:1824719962508640"]

[node name="Thumb_01 1" type="Node3D" parent="Root/Hips/Spine_01/Spine_02/Spine_03/Clavicle_R/Shoulder_R/Elbow_R/Hand_R"]
transform = Transform3D(0.831214, 0.154317, -0.534106, -0.182534, 0.9832, 1.11759e-08, 0.525132, 0.0974924, 0.845418, -0.03514, 0.01171, -0.0450554)
metadata/ufile_ids = ["d2b11d59c34b8794a916e2e3adca29b6:4663195545320788", "d2b11d59c34b8794a916e2e3adca29b6:1095075353989528"]

[node name="Thumb_02 1" type="Node3D" parent="Root/Hips/Spine_01/Spine_02/Spine_03/Clavicle_R/Shoulder_R/Elbow_R/Hand_R/Thumb_01 1"]
transform = Transform3D(0.932106, 0.268778, 0.242769, -0.287605, 0.956688, 0.0450708, -0.22014, -0.111832, 0.969037, -0.0637015, -7.81182e-06, 4.36381e-07)
metadata/ufile_ids = ["d2b11d59c34b8794a916e2e3adca29b6:4632231892038706", "d2b11d59c34b8794a916e2e3adca29b6:1568585194738316"]

[node name="Thumb_03 1" type="Node3D" parent="Root/Hips/Spine_01/Spine_02/Spine_03/Clavicle_R/Shoulder_R/Elbow_R/Hand_R/Thumb_01 1/Thumb_02 1"]
transform = Transform3D(0.847975, -0.452915, 0.27533, 0.430776, 0.891554, 0.139869, -0.30882, 0, 0.951121, -0.0566551, 9.8355e-08, -2.02795e-07)
metadata/ufile_ids = ["d2b11d59c34b8794a916e2e3adca29b6:4493285620283066", "d2b11d59c34b8794a916e2e3adca29b6:1005759255020572"]

[node name="Neck" type="Node3D" parent="Root/Hips/Spine_01/Spine_02/Spine_03"]
transform = Transform3D(0.996517, 0.083394, -2.58936e-15, -0.083394, 0.996517, 1.85358e-16, 2.5958e-15, 3.1225e-17, 1, 0.11189, -6.66134e-18, -4.62441e-17)
metadata/ufile_ids = ["d2b11d59c34b8794a916e2e3adca29b6:4866886222140106", "d2b11d59c34b8794a916e2e3adca29b6:1831695330662926"]

[node name="Head" type="Node3D" parent="Root/Hips/Spine_01/Spine_02/Spine_03/Neck"]
transform = Transform3D(0, 0.987303, 0.158851, 0, 0.158851, -0.987303, -1, 0, 0, 0.121644, -1.5099e-16, -5.05918e-17)
metadata/ufile_ids = ["d2b11d59c34b8794a916e2e3adca29b6:4371335134523800", "d2b11d59c34b8794a916e2e3adca29b6:1157891818397226"]

[node name="Eyebrows" type="Node3D" parent="Root/Hips/Spine_01/Spine_02/Spine_03/Neck/Head"]
transform = Transform3D(1, 0, 0, 0, 1, 0, 0, 0, 1, -2.52435e-31, 0.127669, 0.122722)
metadata/ufile_ids = ["d2b11d59c34b8794a916e2e3adca29b6:4663266113886204", "d2b11d59c34b8794a916e2e3adca29b6:1732705167178674"]

[node name="Eyes" type="Node3D" parent="Root/Hips/Spine_01/Spine_02/Spine_03/Neck/Head"]
transform = Transform3D(1, 0, 0, 0, 1, 0, 0, 0, 1, 2.05104e-31, 0.0944761, 0.122722)
metadata/ufile_ids = ["d2b11d59c34b8794a916e2e3adca29b6:4442891592095176", "d2b11d59c34b8794a916e2e3adca29b6:1745536547135334"]

[node name="SM_Item_Goblin_Hair" type="Node3D" parent="Root/Hips/Spine_01/Spine_02/Spine_03/Neck/Head"]
transform = Transform3D(1, 1.11999e-14, -8.30618e-15, -1.11999e-14, 1, -3.13721e-13, 8.30618e-15, 3.13721e-13, 1, -0.00482341, 0.184513, -0.116214)
visible = false
metadata/ufile_ids = ["d2b11d59c34b8794a916e2e3adca29b6:4415227112980866", "d2b11d59c34b8794a916e2e3adca29b6:1165502332131776", "d2b11d59c34b8794a916e2e3adca29b6:33964265466433826", "d2b11d59c34b8794a916e2e3adca29b6:23917901805662498"]

[node name="_mesh" type="MeshInstance3D" parent="Root/Hips/Spine_01/Spine_02/Spine_03/Neck/Head/SM_Item_Goblin_Hair"]
mesh = ExtResource("28_paemp")
surface_material_override/0 = ExtResource("2_lbak6")

[node name="SM_Item_Mask_01" type="Node3D" parent="Root/Hips/Spine_01/Spine_02/Spine_03/Neck/Head"]
transform = Transform3D(1, 1.11999e-14, -8.30618e-15, -1.11999e-14, 1, -3.13721e-13, 8.30618e-15, 3.13721e-13, 1, -1.26528e-14, -1.56911, 0.00483958)
visible = false
metadata/ufile_ids = ["d2b11d59c34b8794a916e2e3adca29b6:4720162903956844", "d2b11d59c34b8794a916e2e3adca29b6:1887664039741748", "d2b11d59c34b8794a916e2e3adca29b6:33692526675672980", "d2b11d59c34b8794a916e2e3adca29b6:23953902678169940"]

[node name="_mesh" type="MeshInstance3D" parent="Root/Hips/Spine_01/Spine_02/Spine_03/Neck/Head/SM_Item_Mask_01"]
mesh = ExtResource("29_xoxql")
surface_material_override/0 = ExtResource("2_lbak6")

[node name="SM_Item_Mask_02" type="Node3D" parent="Root/Hips/Spine_01/Spine_02/Spine_03/Neck/Head"]
transform = Transform3D(1, 1.11999e-14, -8.30618e-15, -1.11999e-14, 1, -3.13721e-13, 8.30618e-15, 3.13721e-13, 1, -1.26528e-14, -1.56911, 0.00483958)
visible = false
metadata/ufile_ids = ["d2b11d59c34b8794a916e2e3adca29b6:4329373848614614", "d2b11d59c34b8794a916e2e3adca29b6:1191560856810440", "d2b11d59c34b8794a916e2e3adca29b6:33032098835731884", "d2b11d59c34b8794a916e2e3adca29b6:23140568292829704"]

[node name="_mesh" type="MeshInstance3D" parent="Root/Hips/Spine_01/Spine_02/Spine_03/Neck/Head/SM_Item_Mask_02"]
mesh = ExtResource("30_ljy30")
surface_material_override/0 = ExtResource("2_lbak6")

[node name="UpperLeg_L" type="Node3D" parent="Root/Hips"]
transform = Transform3D(0.988277, -0.0313848, -0.149412, 0.149337, -0.00474262, 0.988775, -0.0317411, -0.999496, -1.19209e-07, -0.0411578, -0.0269207, 0.0989671)
metadata/ufile_ids = ["d2b11d59c34b8794a916e2e3adca29b6:4220884397046580", "d2b11d59c34b8794a916e2e3adca29b6:1035690726948942"]

[node name="LowerLeg_L" type="Node3D" parent="Root/Hips/UpperLeg_L"]
transform = Transform3D(0.998758, -0.0387686, -0.031288, -0.0242844, 0.16951, -0.985229, 0.0434995, 0.984766, 0.168358, -0.399309, -3.80503e-07, 1.46549e-16)
metadata/ufile_ids = ["d2b11d59c34b8794a916e2e3adca29b6:4758399168382578", "d2b11d59c34b8794a916e2e3adca29b6:1151541035196752"]

[node name="Ankle_L" type="Node3D" parent="Root/Hips/UpperLeg_L/LowerLeg_L"]
transform = Transform3D(0.482309, -0.875969, 0.00742956, -0.864116, -0.474357, 0.168194, -0.143808, -0.0875415, -0.985726, -0.377123, 1.31695e-07, -8.41104e-07)
metadata/ufile_ids = ["d2b11d59c34b8794a916e2e3adca29b6:4409391575354778", "d2b11d59c34b8794a916e2e3adca29b6:1778827234776648"]

[node name="Ball_L" type="Node3D" parent="Root/Hips/UpperLeg_L/LowerLeg_L/Ankle_L"]
transform = Transform3D(0.854183, -0.519973, -7.5118e-15, 0.519973, 0.854183, -9.44708e-15, 1.13287e-14, 4.16361e-15, 1, -0.11284, -1.68496e-08, -7.10543e-17)
metadata/ufile_ids = ["d2b11d59c34b8794a916e2e3adca29b6:4255533618525126", "d2b11d59c34b8794a916e2e3adca29b6:1895456542039224"]

[node name="Toes_L" type="Node3D" parent="Root/Hips/UpperLeg_L/LowerLeg_L/Ankle_L/Ball_L"]
transform = Transform3D(0, -7.74325e-13, 1, 0, 1, 7.74325e-13, -1, 0, 0, -0.0729575, 2.66454e-17, 1.77636e-17)
metadata/ufile_ids = ["d2b11d59c34b8794a916e2e3adca29b6:4551768773219350", "d2b11d59c34b8794a916e2e3adca29b6:1272677019728282"]

[node name="UpperLeg_R" type="Node3D" parent="Root/Hips"]
transform = Transform3D(-0.988277, 0.0313848, 0.149412, -0.149337, 0.00474262, -0.988775, -0.0317411, -0.999496, 5.96046e-08, -0.0411577, -0.0269207, -0.0989671)
metadata/ufile_ids = ["d2b11d59c34b8794a916e2e3adca29b6:4787000855925592", "d2b11d59c34b8794a916e2e3adca29b6:1605035709378838"]

[node name="LowerLeg_R" type="Node3D" parent="Root/Hips/UpperLeg_R"]
transform = Transform3D(0.998758, -0.0387686, -0.031288, -0.0242844, 0.16951, -0.985229, 0.0434995, 0.984766, 0.168358, 0.399309, -6.88338e-17, -5.33421e-17)
metadata/ufile_ids = ["d2b11d59c34b8794a916e2e3adca29b6:4668237265773656", "d2b11d59c34b8794a916e2e3adca29b6:1824621108862618"]

[node name="Ankle_R" type="Node3D" parent="Root/Hips/UpperLeg_R/LowerLeg_R"]
transform = Transform3D(0.482309, -0.875969, 0.00742956, -0.864116, -0.474357, 0.168194, -0.143808, -0.0875415, -0.985726, 0.377124, -7.77156e-17, 1.68199e-16)
metadata/ufile_ids = ["d2b11d59c34b8794a916e2e3adca29b6:4196886032411770", "d2b11d59c34b8794a916e2e3adca29b6:1332493691977082"]

[node name="Ball_R" type="Node3D" parent="Root/Hips/UpperLeg_R/LowerLeg_R/Ankle_R"]
transform = Transform3D(0.854183, -0.519973, -2.65799e-15, 0.519973, 0.854183, 7.41842e-16, 1.88467e-15, -2.01575e-15, 1, 0.11284, -1.15463e-16, -2.11335e-17)
metadata/ufile_ids = ["d2b11d59c34b8794a916e2e3adca29b6:4211717842487502", "d2b11d59c34b8794a916e2e3adca29b6:1534142844450678"]

[node name="Toes_R" type="Node3D" parent="Root/Hips/UpperLeg_R/LowerLeg_R/Ankle_R/Ball_R"]
transform = Transform3D(0, 5.33341e-14, 1, 0, 1, -5.33341e-14, -1, 0, 0, 0.0729576, 2.04009e-18, 3.40871e-18)
metadata/ufile_ids = ["d2b11d59c34b8794a916e2e3adca29b6:4033371446796576", "d2b11d59c34b8794a916e2e3adca29b6:1115257597995428"]
