[gd_scene load_steps=31 format=3 uid="uid://djbwftoyei24h"]

[ext_resource type="ArrayMesh" path="res://assets/PolygonDungeon/Models/Characters_mesh/Character_Ghost_01_4300060.mesh" id="1_nlt6p"]
[ext_resource type="Material" path="res://assets/PolygonDungeon/Materials/Misc/Dungeons_Texture_Ghost.tres" id="2_1lx66"]
[ext_resource type="ArrayMesh" uid="uid://dgbner6hu42k6" path="res://assets/PolygonDungeon/Models/Characters_mesh/Character_Ghost_02_4300050.mesh" id="3_rk500"]
[ext_resource type="Material" path="res://assets/PolygonDungeon/Materials/Dungeons_Material_Characters_01.tres" id="4_lilmw"]
[ext_resource type="ArrayMesh" path="res://assets/PolygonDungeon/Models/Characters_mesh/Character_Goblin_Female_4300046.mesh" id="5_0jajq"]
[ext_resource type="ArrayMesh" path="res://assets/PolygonDungeon/Models/Characters_mesh/Character_Goblin_Male_4300066.mesh" id="6_1oufb"]
[ext_resource type="ArrayMesh" path="res://assets/PolygonDungeon/Models/Characters_mesh/Character_Goblin_Shaman_4300058.mesh" id="7_p4pgm"]
[ext_resource type="ArrayMesh" path="res://assets/PolygonDungeon/Models/Characters_mesh/Character_Goblin_WarChief_4300072.mesh" id="8_prx1g"]
[ext_resource type="ArrayMesh" path="res://assets/PolygonDungeon/Models/Characters_mesh/Character_Goblin_Warrior_Female_4300044.mesh" id="9_nhj6i"]
[ext_resource type="ArrayMesh" path="res://assets/PolygonDungeon/Models/Characters_mesh/Character_Goblin_Warrior_Male_4300052.mesh" id="10_acr4p"]
[ext_resource type="ArrayMesh" path="res://assets/PolygonDungeon/Models/Characters_mesh/Character_Hero_Knight_Female_4300048.mesh" id="11_plcsk"]
[ext_resource type="ArrayMesh" path="res://assets/PolygonDungeon/Models/Characters_mesh/Character_Hero_Knight_Male_4300068.mesh" id="12_q2wns"]
[ext_resource type="ArrayMesh" path="res://assets/PolygonDungeon/Models/Characters_mesh/Character_Rock_Golem_4300056.mesh" id="13_alpcc"]
[ext_resource type="ArrayMesh" path="res://assets/PolygonDungeon/Models/Characters_mesh/Character_Skeleton_Knight_4300054.mesh" id="14_jqgh6"]
[ext_resource type="ArrayMesh" path="res://assets/PolygonDungeon/Models/Characters_mesh/Character_Skeleton_Slave_01_4300070.mesh" id="15_lrccf"]
[ext_resource type="ArrayMesh" path="res://assets/PolygonDungeon/Models/Characters_mesh/Character_Skeleton_Soldier_01_4300074.mesh" id="16_mssru"]
[ext_resource type="ArrayMesh" path="res://assets/PolygonDungeon/Models/Characters_mesh/Character_Skeleton_Soldier_02_4300064.mesh" id="17_31gvl"]
[ext_resource type="ArrayMesh" path="res://assets/PolygonDungeon/Models/Characters_mesh/Character_Tormented_Soul_4300062.mesh" id="18_qkl8u"]
[ext_resource type="ArrayMesh" path="res://assets/PolygonDungeon/Models/Characters_mesh/SM_Item_Bag_Large_4300042.mesh" id="19_hwooi"]
[ext_resource type="ArrayMesh" path="res://assets/PolygonDungeon/Models/Characters_mesh/SM_Item_Bags_4300034.mesh" id="20_her5g"]
[ext_resource type="ArrayMesh" path="res://assets/PolygonDungeon/Models/Characters_mesh/SM_Item_Bones_4300040.mesh" id="21_b22rn"]
[ext_resource type="ArrayMesh" path="res://assets/PolygonDungeon/Models/Characters_mesh/SM_Item_Horn_4300038.mesh" id="22_fh685"]
[ext_resource type="ArrayMesh" path="res://assets/PolygonDungeon/Models/Characters_mesh/SM_Item_Shrooms_4300036.mesh" id="23_0wu7d"]
[ext_resource type="ArrayMesh" path="res://assets/PolygonDungeon/Models/Characters_mesh/SM_Item_Shrunken_Head_4300032.mesh" id="24_kwb3o"]
[ext_resource type="ArrayMesh" path="res://assets/PolygonDungeon/Models/Characters_mesh/SM_Item_Goblin_WarBanner_4300014.mesh" id="25_7b4gk"]
[ext_resource type="ArrayMesh" path="res://assets/PolygonDungeon/Models/Characters_mesh/SM_Item_Shield_4300018.mesh" id="26_sqekv"]
[ext_resource type="ArrayMesh" path="res://assets/PolygonDungeon/Models/Characters_mesh/SM_Item_Sword_4300016.mesh" id="27_nyooo"]
[ext_resource type="ArrayMesh" path="res://assets/PolygonDungeon/Models/Characters_mesh/SM_Item_Goblin_Hair_4300000.mesh" id="28_vu1by"]
[ext_resource type="ArrayMesh" path="res://assets/PolygonDungeon/Models/Characters_mesh/SM_Item_Mask_01_4300002.mesh" id="29_ot3h1"]
[ext_resource type="ArrayMesh" path="res://assets/PolygonDungeon/Models/Characters_mesh/SM_Item_Mask_02_4300004.mesh" id="30_xow88"]

[node name="Character_Ghost_01" type="Node3D"]
metadata/ufile_ids = ["99cdb7462838a6342bd2288456e75888:449332", "99cdb7462838a6342bd2288456e75888:127002", "99cdb7462838a6342bd2288456e75888:9517520"]

[node name="Character_Ghost_01" type="Node3D" parent="."]
metadata/ufile_ids = ["99cdb7462838a6342bd2288456e75888:407100", "99cdb7462838a6342bd2288456e75888:188682", "99cdb7462838a6342bd2288456e75888:13750974"]

[node name="_mesh" type="MeshInstance3D" parent="Character_Ghost_01"]
mesh = ExtResource("1_nlt6p")
surface_material_override/0 = ExtResource("2_1lx66")

[node name="Character_Ghost_02" type="Node3D" parent="."]
visible = false
metadata/ufile_ids = ["99cdb7462838a6342bd2288456e75888:409694", "99cdb7462838a6342bd2288456e75888:116268", "99cdb7462838a6342bd2288456e75888:13764150"]

[node name="_mesh" type="MeshInstance3D" parent="Character_Ghost_02"]
mesh = ExtResource("3_rk500")
surface_material_override/0 = ExtResource("4_lilmw")

[node name="Character_Goblin_Female" type="Node3D" parent="."]
visible = false
metadata/ufile_ids = ["99cdb7462838a6342bd2288456e75888:407734", "99cdb7462838a6342bd2288456e75888:134180", "99cdb7462838a6342bd2288456e75888:13709572"]

[node name="_mesh" type="MeshInstance3D" parent="Character_Goblin_Female"]
mesh = ExtResource("5_0jajq")
surface_material_override/0 = ExtResource("4_lilmw")

[node name="Character_Goblin_Male" type="Node3D" parent="."]
visible = false
metadata/ufile_ids = ["99cdb7462838a6342bd2288456e75888:420462", "99cdb7462838a6342bd2288456e75888:174232", "99cdb7462838a6342bd2288456e75888:13717080"]

[node name="_mesh" type="MeshInstance3D" parent="Character_Goblin_Male"]
mesh = ExtResource("6_1oufb")
surface_material_override/0 = ExtResource("4_lilmw")

[node name="Character_Goblin_Shaman" type="Node3D" parent="."]
visible = false
metadata/ufile_ids = ["99cdb7462838a6342bd2288456e75888:467526", "99cdb7462838a6342bd2288456e75888:180508", "99cdb7462838a6342bd2288456e75888:13766218"]

[node name="_mesh" type="MeshInstance3D" parent="Character_Goblin_Shaman"]
mesh = ExtResource("7_p4pgm")
surface_material_override/0 = ExtResource("4_lilmw")

[node name="Character_Goblin_WarChief" type="Node3D" parent="."]
visible = false
metadata/ufile_ids = ["99cdb7462838a6342bd2288456e75888:436174", "99cdb7462838a6342bd2288456e75888:103632", "99cdb7462838a6342bd2288456e75888:13726810"]

[node name="_mesh" type="MeshInstance3D" parent="Character_Goblin_WarChief"]
mesh = ExtResource("8_prx1g")
surface_material_override/0 = ExtResource("4_lilmw")

[node name="Character_Goblin_Warrior_Female" type="Node3D" parent="."]
visible = false
metadata/ufile_ids = ["99cdb7462838a6342bd2288456e75888:499718", "99cdb7462838a6342bd2288456e75888:149192", "99cdb7462838a6342bd2288456e75888:13729052"]

[node name="_mesh" type="MeshInstance3D" parent="Character_Goblin_Warrior_Female"]
mesh = ExtResource("9_nhj6i")
surface_material_override/0 = ExtResource("4_lilmw")

[node name="Character_Goblin_Warrior_Male" type="Node3D" parent="."]
visible = false
metadata/ufile_ids = ["99cdb7462838a6342bd2288456e75888:401542", "99cdb7462838a6342bd2288456e75888:196024", "99cdb7462838a6342bd2288456e75888:13711332"]

[node name="_mesh" type="MeshInstance3D" parent="Character_Goblin_Warrior_Male"]
mesh = ExtResource("10_acr4p")
surface_material_override/0 = ExtResource("4_lilmw")

[node name="Character_Hero_Knight_Female" type="Node3D" parent="."]
visible = false
metadata/ufile_ids = ["99cdb7462838a6342bd2288456e75888:448874", "99cdb7462838a6342bd2288456e75888:189772", "99cdb7462838a6342bd2288456e75888:13729520"]

[node name="_mesh" type="MeshInstance3D" parent="Character_Hero_Knight_Female"]
mesh = ExtResource("11_plcsk")
surface_material_override/0 = ExtResource("4_lilmw")

[node name="Character_Hero_Knight_Male" type="Node3D" parent="."]
visible = false
metadata/ufile_ids = ["99cdb7462838a6342bd2288456e75888:499700", "99cdb7462838a6342bd2288456e75888:140864", "99cdb7462838a6342bd2288456e75888:13732466"]

[node name="_mesh" type="MeshInstance3D" parent="Character_Hero_Knight_Male"]
mesh = ExtResource("12_q2wns")
surface_material_override/0 = ExtResource("4_lilmw")

[node name="Character_Rock_Golem" type="Node3D" parent="."]
visible = false
metadata/ufile_ids = ["99cdb7462838a6342bd2288456e75888:467530", "99cdb7462838a6342bd2288456e75888:189958", "99cdb7462838a6342bd2288456e75888:13715812"]

[node name="_mesh" type="MeshInstance3D" parent="Character_Rock_Golem"]
mesh = ExtResource("13_alpcc")
surface_material_override/0 = ExtResource("4_lilmw")

[node name="Character_Skeleton_Knight" type="Node3D" parent="."]
visible = false
metadata/ufile_ids = ["99cdb7462838a6342bd2288456e75888:412586", "99cdb7462838a6342bd2288456e75888:182136", "99cdb7462838a6342bd2288456e75888:13767082"]

[node name="_mesh" type="MeshInstance3D" parent="Character_Skeleton_Knight"]
mesh = ExtResource("14_jqgh6")
surface_material_override/0 = ExtResource("4_lilmw")

[node name="Character_Skeleton_Slave_01" type="Node3D" parent="."]
visible = false
metadata/ufile_ids = ["99cdb7462838a6342bd2288456e75888:418642", "99cdb7462838a6342bd2288456e75888:133724", "99cdb7462838a6342bd2288456e75888:13707406"]

[node name="_mesh" type="MeshInstance3D" parent="Character_Skeleton_Slave_01"]
mesh = ExtResource("15_lrccf")
surface_material_override/0 = ExtResource("4_lilmw")

[node name="Character_Skeleton_Soldier_01" type="Node3D" parent="."]
visible = false
metadata/ufile_ids = ["99cdb7462838a6342bd2288456e75888:456870", "99cdb7462838a6342bd2288456e75888:171312", "99cdb7462838a6342bd2288456e75888:13766016"]

[node name="_mesh" type="MeshInstance3D" parent="Character_Skeleton_Soldier_01"]
mesh = ExtResource("16_mssru")
surface_material_override/0 = ExtResource("4_lilmw")

[node name="Character_Skeleton_Soldier_02" type="Node3D" parent="."]
visible = false
metadata/ufile_ids = ["99cdb7462838a6342bd2288456e75888:484300", "99cdb7462838a6342bd2288456e75888:127280", "99cdb7462838a6342bd2288456e75888:13784170"]

[node name="_mesh" type="MeshInstance3D" parent="Character_Skeleton_Soldier_02"]
mesh = ExtResource("17_31gvl")
surface_material_override/0 = ExtResource("4_lilmw")

[node name="Character_Tormented_Soul" type="Node3D" parent="."]
visible = false
metadata/ufile_ids = ["99cdb7462838a6342bd2288456e75888:461824", "99cdb7462838a6342bd2288456e75888:149972", "99cdb7462838a6342bd2288456e75888:13758906"]

[node name="_mesh" type="MeshInstance3D" parent="Character_Tormented_Soul"]
mesh = ExtResource("18_qkl8u")
surface_material_override/0 = ExtResource("4_lilmw")

[node name="Root" type="Node3D" parent="."]
transform = Transform3D(0.01, 0, 0, 0, 0.01, 0, 0, 0, 0.01, 0, 0, 0)
metadata/ufile_ids = ["99cdb7462838a6342bd2288456e75888:448800", "99cdb7462838a6342bd2288456e75888:170796"]

[node name="Hips" type="Node3D" parent="Root"]
transform = Transform3D(0, 0, 1, 0.988775, 0.149412, 0, -0.149412, 0.988775, 0, 0, 87.6276, 0)
metadata/ufile_ids = ["99cdb7462838a6342bd2288456e75888:414118", "99cdb7462838a6342bd2288456e75888:183210"]

[node name="SM_Item_Bag_Large" type="Node3D" parent="Root/Hips"]
transform = Transform3D(0, 0.988775, -0.149412, 0, 0.149412, 0.988775, 1, 0, 0, 7.34898, 1.11049, -20.6229)
visible = false
metadata/ufile_ids = ["99cdb7462838a6342bd2288456e75888:408386", "99cdb7462838a6342bd2288456e75888:114906", "99cdb7462838a6342bd2288456e75888:3315806", "99cdb7462838a6342bd2288456e75888:2309268"]

[node name="_mesh" type="MeshInstance3D" parent="Root/Hips/SM_Item_Bag_Large"]
mesh = ExtResource("19_hwooi")
surface_material_override/0 = ExtResource("4_lilmw")

[node name="SM_Item_Bags" type="Node3D" parent="Root/Hips"]
transform = Transform3D(0, 0.988775, -0.149412, 0, 0.149412, 0.988775, 1, 0, 0, 7.34898, 1.11049, -20.6229)
visible = false
metadata/ufile_ids = ["99cdb7462838a6342bd2288456e75888:449220", "99cdb7462838a6342bd2288456e75888:178450", "99cdb7462838a6342bd2288456e75888:3312780", "99cdb7462838a6342bd2288456e75888:2311680"]

[node name="_mesh" type="MeshInstance3D" parent="Root/Hips/SM_Item_Bags"]
mesh = ExtResource("20_her5g")
surface_material_override/0 = ExtResource("4_lilmw")

[node name="SM_Item_Bones" type="Node3D" parent="Root/Hips"]
transform = Transform3D(0, 0.988775, -0.149412, 0, 0.149412, 0.988775, 1, 0, 0, 9.02181, 1.36327, -18.7515)
visible = false
metadata/ufile_ids = ["99cdb7462838a6342bd2288456e75888:444362", "99cdb7462838a6342bd2288456e75888:156594", "99cdb7462838a6342bd2288456e75888:3372292", "99cdb7462838a6342bd2288456e75888:2399938"]

[node name="_mesh" type="MeshInstance3D" parent="Root/Hips/SM_Item_Bones"]
mesh = ExtResource("21_b22rn")
surface_material_override/0 = ExtResource("4_lilmw")

[node name="SM_Item_Horn" type="Node3D" parent="Root/Hips"]
transform = Transform3D(0, 0.988775, -0.149412, 0, 0.149412, 0.988775, 1, 0, 0, 7.95274, 1.20172, 16.5818)
visible = false
metadata/ufile_ids = ["99cdb7462838a6342bd2288456e75888:485882", "99cdb7462838a6342bd2288456e75888:127646", "99cdb7462838a6342bd2288456e75888:3360416", "99cdb7462838a6342bd2288456e75888:2376940"]

[node name="_mesh" type="MeshInstance3D" parent="Root/Hips/SM_Item_Horn"]
mesh = ExtResource("22_fh685")
surface_material_override/0 = ExtResource("4_lilmw")

[node name="SM_Item_Shrooms" type="Node3D" parent="Root/Hips"]
transform = Transform3D(0, 0.988775, -0.149412, 0, 0.149412, 0.988775, 1, 0, 0, 6.17986, 0.933827, 18.9238)
visible = false
metadata/ufile_ids = ["99cdb7462838a6342bd2288456e75888:433066", "99cdb7462838a6342bd2288456e75888:164354", "99cdb7462838a6342bd2288456e75888:3349348", "99cdb7462838a6342bd2288456e75888:2303790"]

[node name="_mesh" type="MeshInstance3D" parent="Root/Hips/SM_Item_Shrooms"]
mesh = ExtResource("23_0wu7d")
surface_material_override/0 = ExtResource("4_lilmw")

[node name="SM_Item_Shrunken_Head" type="Node3D" parent="Root/Hips"]
transform = Transform3D(-0.122535, 0.939419, 0.32012, 0.991102, 0.0989298, 0.0890537, 0.0519893, 0.328184, -0.943182, 6.56217, -0.134331, -17.6248)
visible = false
metadata/ufile_ids = ["99cdb7462838a6342bd2288456e75888:455078", "99cdb7462838a6342bd2288456e75888:169734", "99cdb7462838a6342bd2288456e75888:3347058", "99cdb7462838a6342bd2288456e75888:2388026"]

[node name="_mesh" type="MeshInstance3D" parent="Root/Hips/SM_Item_Shrunken_Head"]
mesh = ExtResource("24_kwb3o")
surface_material_override/0 = ExtResource("4_lilmw")

[node name="Spine_01" type="Node3D" parent="Root/Hips"]
transform = Transform3D(0.980128, 0.198365, -2.61763e-15, 0.198365, -0.980128, -4.04826e-16, -2.64591e-15, -1.22465e-16, -1, 10.3933, 1.33227e-15, 4.61554e-15)
metadata/ufile_ids = ["99cdb7462838a6342bd2288456e75888:437416", "99cdb7462838a6342bd2288456e75888:188114"]

[node name="Spine_02" type="Node3D" parent="Root/Hips/Spine_01"]
transform = Transform3D(0.980791, 0.195062, 1.17781e-15, 0.195062, -0.980791, 3.59108e-16, 1.22523e-15, -1.22465e-16, -1, 18.1512, 1.55431e-15, -7.10107e-15)
metadata/ufile_ids = ["99cdb7462838a6342bd2288456e75888:455558", "99cdb7462838a6342bd2288456e75888:121866"]

[node name="SM_Item_Goblin_WarBanner" type="Node3D" parent="Root/Hips/Spine_01/Spine_02"]
transform = Transform3D(0, 0.989273, -0.14608, 0, 0.14608, 0.989273, 1, 0, 0, 10.0745, -13.7135, 3.42695e-13)
visible = false
metadata/ufile_ids = ["99cdb7462838a6342bd2288456e75888:475314", "99cdb7462838a6342bd2288456e75888:138038", "99cdb7462838a6342bd2288456e75888:3308832", "99cdb7462838a6342bd2288456e75888:2353224"]

[node name="_mesh" type="MeshInstance3D" parent="Root/Hips/Spine_01/Spine_02/SM_Item_Goblin_WarBanner"]
mesh = ExtResource("25_7b4gk")
surface_material_override/0 = ExtResource("4_lilmw")

[node name="SM_Item_Shield" type="Node3D" parent="Root/Hips/Spine_01/Spine_02"]
transform = Transform3D(0, 0.989273, -0.14608, 0, 0.14608, 0.989273, 1, 0, 0, 19.4008, -9.59115, 4.07389e-13)
visible = false
metadata/ufile_ids = ["99cdb7462838a6342bd2288456e75888:419760", "99cdb7462838a6342bd2288456e75888:110452", "99cdb7462838a6342bd2288456e75888:3392520", "99cdb7462838a6342bd2288456e75888:2374836"]

[node name="_mesh" type="MeshInstance3D" parent="Root/Hips/Spine_01/Spine_02/SM_Item_Shield"]
mesh = ExtResource("26_sqekv")
surface_material_override/0 = ExtResource("4_lilmw")

[node name="SM_Item_Sword" type="Node3D" parent="Root/Hips/Spine_01/Spine_02"]
transform = Transform3D(0, 0.989273, -0.14608, 0, 0.14608, 0.989273, 1, 0, 0, 16.9072, -12.0668, 3.97542e-13)
visible = false
metadata/ufile_ids = ["99cdb7462838a6342bd2288456e75888:452696", "99cdb7462838a6342bd2288456e75888:119478", "99cdb7462838a6342bd2288456e75888:3371608", "99cdb7462838a6342bd2288456e75888:2353732"]

[node name="_mesh" type="MeshInstance3D" parent="Root/Hips/Spine_01/Spine_02/SM_Item_Sword"]
mesh = ExtResource("27_nyooo")
surface_material_override/0 = ExtResource("4_lilmw")

[node name="Spine_03" type="Node3D" parent="Root/Hips/Spine_01/Spine_02"]
transform = Transform3D(0.975318, 0.220805, 5.46841e-17, 0.220805, -0.975318, 1.37944e-16, 8.37932e-17, -1.22465e-16, -1, 17.9037, 2.22045e-15, 7.50973e-15)
metadata/ufile_ids = ["99cdb7462838a6342bd2288456e75888:419758", "99cdb7462838a6342bd2288456e75888:194752"]

[node name="Clavicle_L" type="Node3D" parent="Root/Hips/Spine_01/Spine_02/Spine_03"]
transform = Transform3D(-0.0486081, 0.996564, 0.0670689, 0.467129, 0.0820338, -0.880376, -0.882852, -0.0114634, -0.469511, 5.80117, -4.19145, -7.44715)
metadata/ufile_ids = ["99cdb7462838a6342bd2288456e75888:487134", "99cdb7462838a6342bd2288456e75888:115832"]

[node name="Shoulder_L" type="Node3D" parent="Root/Hips/Spine_01/Spine_02/Spine_03/Clavicle_L"]
transform = Transform3D(0.885509, 0.0602784, -0.460696, -0.0710111, 0.997458, -0.00598189, 0.459164, 0.0380115, 0.887538, 13.1979, -4.85723e-17, -2.66454e-15)
metadata/ufile_ids = ["99cdb7462838a6342bd2288456e75888:428118", "99cdb7462838a6342bd2288456e75888:145326"]

[node name="Elbow_L" type="Node3D" parent="Root/Hips/Spine_01/Spine_02/Spine_03/Clavicle_L/Shoulder_L"]
transform = Transform3D(0.993276, -0.0825021, -0.081223, 0.0822276, 0.996591, -0.00672399, 0.0815009, -2.32831e-10, 0.996673, 33.9474, -0.144907, -0.143626)
metadata/ufile_ids = ["99cdb7462838a6342bd2288456e75888:409926", "99cdb7462838a6342bd2288456e75888:111628"]

[node name="Hand_L" type="Node3D" parent="Root/Hips/Spine_01/Spine_02/Spine_03/Clavicle_L/Shoulder_L/Elbow_L"]
transform = Transform3D(0.997432, 3.33198e-15, 0.0716155, -3.33544e-15, 1, -7.12448e-17, -0.0716155, -1.67807e-16, 0.997432, 27.1145, 0, -0.0381364)
metadata/ufile_ids = ["99cdb7462838a6342bd2288456e75888:483904", "99cdb7462838a6342bd2288456e75888:138850"]

[node name="Finger_01" type="Node3D" parent="Root/Hips/Spine_01/Spine_02/Spine_03/Clavicle_L/Shoulder_L/Elbow_L/Hand_L"]
transform = Transform3D(0.98976, 0.11253, 0.0878153, -0.112967, 0.993599, 0, -0.0872532, -0.0099202, 0.996137, 9.98253, -0.115959, -3.28334)
metadata/ufile_ids = ["99cdb7462838a6342bd2288456e75888:402658", "99cdb7462838a6342bd2288456e75888:119362"]

[node name="Finger_02" type="Node3D" parent="Root/Hips/Spine_01/Spine_02/Spine_03/Clavicle_L/Shoulder_L/Elbow_L/Hand_L/Finger_01"]
transform = Transform3D(0.998335, 0.042418, -0.0390799, -0.0426236, 0.999081, -0.00444316, 0.0388555, 0.00610149, 0.999226, 4.24881, -1.05818e-15, -8.32667e-16)
metadata/ufile_ids = ["99cdb7462838a6342bd2288456e75888:425542", "99cdb7462838a6342bd2288456e75888:199606"]

[node name="Finger_03" type="Node3D" parent="Root/Hips/Spine_01/Spine_02/Spine_03/Clavicle_L/Shoulder_L/Elbow_L/Hand_L/Finger_01/Finger_02"]
transform = Transform3D(0.972665, 0.181128, 0.145312, -0.186317, 0.982225, 0.0228184, -0.138596, -0.0492687, 0.989123, 3.51333, -3.00324e-14, 3.77476e-15)
metadata/ufile_ids = ["99cdb7462838a6342bd2288456e75888:489886", "99cdb7462838a6342bd2288456e75888:171130"]

[node name="Finger_04" type="Node3D" parent="Root/Hips/Spine_01/Spine_02/Spine_03/Clavicle_L/Shoulder_L/Elbow_L/Hand_L/Finger_01/Finger_02/Finger_03"]
transform = Transform3D(0.924156, -0.33495, -0.183697, 0.328523, 0.942236, -0.0653013, 0.194958, 0, 0.980812, 3.00324, 2.12677e-14, -1.11022e-16)
metadata/ufile_ids = ["99cdb7462838a6342bd2288456e75888:472070", "99cdb7462838a6342bd2288456e75888:117990"]

[node name="IndexFinger_01" type="Node3D" parent="Root/Hips/Spine_01/Spine_02/Spine_03/Clavicle_L/Shoulder_L/Elbow_L/Hand_L"]
transform = Transform3D(0.991306, 0.00845244, -0.131305, -0.00852626, 0.999964, 0, 0.1313, 0.00111954, 0.991342, 10.3966, 0.398715, 2.67265)
metadata/ufile_ids = ["99cdb7462838a6342bd2288456e75888:425204", "99cdb7462838a6342bd2288456e75888:171294"]

[node name="IndexFinger_02" type="Node3D" parent="Root/Hips/Spine_01/Spine_02/Spine_03/Clavicle_L/Shoulder_L/Elbow_L/Hand_L/IndexFinger_01"]
transform = Transform3D(0.980432, 0.19567, 0.0216048, -0.19572, 0.98066, 0.000184215, -0.021151, -0.00440911, 0.999767, 4.09363, -1.52764e-16, 2.44249e-15)
metadata/ufile_ids = ["99cdb7462838a6342bd2288456e75888:425436", "99cdb7462838a6342bd2288456e75888:125990"]

[node name="IndexFinger_03" type="Node3D" parent="Root/Hips/Spine_01/Spine_02/Spine_03/Clavicle_L/Shoulder_L/Elbow_L/Hand_L/IndexFinger_01/IndexFinger_02"]
transform = Transform3D(0.992179, 0.113423, 0.0521209, -0.114134, 0.993406, 0.0108651, -0.0505449, -0.0167289, 0.998582, 3.79119, -2.1462e-14, -3.83027e-15)
metadata/ufile_ids = ["99cdb7462838a6342bd2288456e75888:422498", "99cdb7462838a6342bd2288456e75888:161702"]

[node name="IndexFinger_04" type="Node3D" parent="Root/Hips/Spine_01/Spine_02/Spine_03/Clavicle_L/Shoulder_L/Elbow_L/Hand_L/IndexFinger_01/IndexFinger_02/IndexFinger_03"]
transform = Transform3D(0.947822, -0.314209, 0.0539051, 0.313702, 0.949354, 0.017841, -0.0567808, 9.31323e-10, 0.998387, 3.77979, -1.92841e-14, -9.99201e-16)
metadata/ufile_ids = ["99cdb7462838a6342bd2288456e75888:463004", "99cdb7462838a6342bd2288456e75888:194146"]

[node name="Thumb_01" type="Node3D" parent="Root/Hips/Spine_01/Spine_02/Spine_03/Clavicle_L/Shoulder_L/Elbow_L/Hand_L"]
transform = Transform3D(0.831214, 0.154317, -0.534106, -0.182534, 0.9832, 1.11759e-08, 0.525132, 0.0974924, 0.845418, 3.51405, -1.17069, 4.50554)
metadata/ufile_ids = ["99cdb7462838a6342bd2288456e75888:487102", "99cdb7462838a6342bd2288456e75888:112034"]

[node name="Thumb_02" type="Node3D" parent="Root/Hips/Spine_01/Spine_02/Spine_03/Clavicle_L/Shoulder_L/Elbow_L/Hand_L/Thumb_01"]
transform = Transform3D(0.932106, 0.268778, 0.242769, -0.287605, 0.956688, 0.0450708, -0.22014, -0.111832, 0.969037, 6.37021, -6.10623e-16, 4.44089e-16)
metadata/ufile_ids = ["99cdb7462838a6342bd2288456e75888:452506", "99cdb7462838a6342bd2288456e75888:124906"]

[node name="Thumb_03" type="Node3D" parent="Root/Hips/Spine_01/Spine_02/Spine_03/Clavicle_L/Shoulder_L/Elbow_L/Hand_L/Thumb_01/Thumb_02"]
transform = Transform3D(0.847975, -0.452915, 0.27533, 0.430776, 0.891554, 0.139869, -0.30882, 0, 0.951121, 5.66557, 2.91156e-14, 3.9968e-15)
metadata/ufile_ids = ["99cdb7462838a6342bd2288456e75888:499098", "99cdb7462838a6342bd2288456e75888:191798"]

[node name="Clavicle_R" type="Node3D" parent="Root/Hips/Spine_01/Spine_02/Spine_03"]
transform = Transform3D(0.0486079, -0.996564, -0.0670688, -0.467129, -0.0820339, 0.880376, -0.882852, -0.0114635, -0.469511, 5.80153, -4.19142, 7.44715)
metadata/ufile_ids = ["99cdb7462838a6342bd2288456e75888:421428", "99cdb7462838a6342bd2288456e75888:186608"]

[node name="Shoulder_R" type="Node3D" parent="Root/Hips/Spine_01/Spine_02/Spine_03/Clavicle_R"]
transform = Transform3D(0.885509, 0.0602784, -0.460696, -0.0710111, 0.997458, -0.00598189, 0.459164, 0.0380115, 0.887538, -13.1979, 0.000647339, 4.73534e-06)
metadata/ufile_ids = ["99cdb7462838a6342bd2288456e75888:493018", "99cdb7462838a6342bd2288456e75888:159936"]

[node name="Elbow_R" type="Node3D" parent="Root/Hips/Spine_01/Spine_02/Spine_03/Clavicle_R/Shoulder_R"]
transform = Transform3D(0.993276, -0.0825021, -0.081223, 0.0822276, 0.996591, -0.00672399, 0.0815009, -2.32831e-10, 0.996673, -33.9475, 0.144759, 0.143626)
metadata/ufile_ids = ["99cdb7462838a6342bd2288456e75888:440648", "99cdb7462838a6342bd2288456e75888:128960"]

[node name="Hand_R" type="Node3D" parent="Root/Hips/Spine_01/Spine_02/Spine_03/Clavicle_R/Shoulder_R/Elbow_R"]
transform = Transform3D(0.997432, -2.35026e-15, 0.0716155, 2.33581e-15, 1, 2.85541e-16, -0.0716155, -1.17528e-16, 0.997432, -27.1145, -2.84217e-14, 0.0381361)
metadata/ufile_ids = ["99cdb7462838a6342bd2288456e75888:422554", "99cdb7462838a6342bd2288456e75888:121256"]

[node name="Finger_01 1" type="Node3D" parent="Root/Hips/Spine_01/Spine_02/Spine_03/Clavicle_R/Shoulder_R/Elbow_R/Hand_R"]
transform = Transform3D(0.98976, 0.11253, 0.0878153, -0.112967, 0.993599, 0, -0.0872532, -0.0099202, 0.996137, -9.9825, 0.116, 3.28334)
metadata/ufile_ids = ["99cdb7462838a6342bd2288456e75888:499940", "99cdb7462838a6342bd2288456e75888:194110"]

[node name="Finger_02 1" type="Node3D" parent="Root/Hips/Spine_01/Spine_02/Spine_03/Clavicle_R/Shoulder_R/Elbow_R/Hand_R/Finger_01 1"]
transform = Transform3D(0.998335, 0.042418, -0.0390799, -0.0426236, 0.999081, -0.00444316, 0.0388555, 0.00610149, 0.999226, -4.24881, 2.65344e-05, -1.97899e-06)
metadata/ufile_ids = ["99cdb7462838a6342bd2288456e75888:497860", "99cdb7462838a6342bd2288456e75888:131996"]

[node name="Finger_03 1" type="Node3D" parent="Root/Hips/Spine_01/Spine_02/Spine_03/Clavicle_R/Shoulder_R/Elbow_R/Hand_R/Finger_01 1/Finger_02 1"]
transform = Transform3D(0.972665, 0.181128, 0.145312, -0.186317, 0.982225, 0.0228184, -0.138596, -0.0492687, 0.989123, -3.51332, -1.99785e-05, 1.48536e-06)
metadata/ufile_ids = ["99cdb7462838a6342bd2288456e75888:479594", "99cdb7462838a6342bd2288456e75888:173226"]

[node name="Finger_04 1" type="Node3D" parent="Root/Hips/Spine_01/Spine_02/Spine_03/Clavicle_R/Shoulder_R/Elbow_R/Hand_R/Finger_01 1/Finger_02 1/Finger_03 1"]
transform = Transform3D(0.924156, -0.33495, -0.183697, 0.328523, 0.942236, -0.0653013, 0.194958, 0, 0.980812, -3.00311, 0.000113347, 3.5911e-05)
metadata/ufile_ids = ["99cdb7462838a6342bd2288456e75888:495908", "99cdb7462838a6342bd2288456e75888:143656"]

[node name="IndexFinger_01 1" type="Node3D" parent="Root/Hips/Spine_01/Spine_02/Spine_03/Clavicle_R/Shoulder_R/Elbow_R/Hand_R"]
transform = Transform3D(0.991306, 0.00845244, -0.131305, -0.00852626, 0.999964, 0, 0.1313, 0.00111954, 0.991342, -10.3966, -0.399, -2.67265)
metadata/ufile_ids = ["99cdb7462838a6342bd2288456e75888:434886", "99cdb7462838a6342bd2288456e75888:125978"]

[node name="IndexFinger_02 1" type="Node3D" parent="Root/Hips/Spine_01/Spine_02/Spine_03/Clavicle_R/Shoulder_R/Elbow_R/Hand_R/IndexFinger_01 1"]
transform = Transform3D(0.980432, 0.19567, 0.0216048, -0.19572, 0.98066, 0.000184215, -0.021151, -0.00440911, 0.999767, -4.09359, 9.69869e-05, -4.95675e-06)
metadata/ufile_ids = ["99cdb7462838a6342bd2288456e75888:443836", "99cdb7462838a6342bd2288456e75888:153158"]

[node name="IndexFinger_03 1" type="Node3D" parent="Root/Hips/Spine_01/Spine_02/Spine_03/Clavicle_R/Shoulder_R/Elbow_R/Hand_R/IndexFinger_01 1/IndexFinger_02 1"]
transform = Transform3D(0.992179, 0.113423, 0.0521209, -0.114134, 0.993406, 0.0108651, -0.0505449, -0.0167289, 0.998582, -3.79121, 0.000324998, -4.54529e-06)
metadata/ufile_ids = ["99cdb7462838a6342bd2288456e75888:463030", "99cdb7462838a6342bd2288456e75888:132826"]

[node name="IndexFinger_04 1" type="Node3D" parent="Root/Hips/Spine_01/Spine_02/Spine_03/Clavicle_R/Shoulder_R/Elbow_R/Hand_R/IndexFinger_01 1/IndexFinger_02 1/IndexFinger_03 1"]
transform = Transform3D(0.947822, -0.314209, 0.0539051, 0.313702, 0.949354, 0.017841, -0.0567808, 9.31323e-10, 0.998387, -3.77933, -0.000526571, -1.55074e-05)
metadata/ufile_ids = ["99cdb7462838a6342bd2288456e75888:453438", "99cdb7462838a6342bd2288456e75888:161406"]

[node name="Thumb_01 1" type="Node3D" parent="Root/Hips/Spine_01/Spine_02/Spine_03/Clavicle_R/Shoulder_R/Elbow_R/Hand_R"]
transform = Transform3D(0.831214, 0.154317, -0.534106, -0.182534, 0.9832, 1.11759e-08, 0.525132, 0.0974924, 0.845418, -3.514, 1.171, -4.50554)
metadata/ufile_ids = ["99cdb7462838a6342bd2288456e75888:492298", "99cdb7462838a6342bd2288456e75888:111626"]

[node name="Thumb_02 1" type="Node3D" parent="Root/Hips/Spine_01/Spine_02/Spine_03/Clavicle_R/Shoulder_R/Elbow_R/Hand_R/Thumb_01 1"]
transform = Transform3D(0.932106, 0.268778, 0.242769, -0.287605, 0.956688, 0.0450708, -0.22014, -0.111832, 0.969037, -6.37015, -0.000781182, 4.36381e-05)
metadata/ufile_ids = ["99cdb7462838a6342bd2288456e75888:417602", "99cdb7462838a6342bd2288456e75888:147658"]

[node name="Thumb_03 1" type="Node3D" parent="Root/Hips/Spine_01/Spine_02/Spine_03/Clavicle_R/Shoulder_R/Elbow_R/Hand_R/Thumb_01 1/Thumb_02 1"]
transform = Transform3D(0.847975, -0.452915, 0.27533, 0.430776, 0.891554, 0.139869, -0.30882, 0, 0.951121, -5.66551, 9.8355e-06, -2.02795e-05)
metadata/ufile_ids = ["99cdb7462838a6342bd2288456e75888:415222", "99cdb7462838a6342bd2288456e75888:128886"]

[node name="Neck" type="Node3D" parent="Root/Hips/Spine_01/Spine_02/Spine_03"]
transform = Transform3D(0.996517, 0.083394, -2.61169e-15, -0.083394, 0.996517, -3.21126e-17, 2.59992e-15, 2.498e-16, 1, 11.189, -6.66134e-16, -4.62441e-15)
metadata/ufile_ids = ["99cdb7462838a6342bd2288456e75888:486854", "99cdb7462838a6342bd2288456e75888:116516"]

[node name="Head" type="Node3D" parent="Root/Hips/Spine_01/Spine_02/Spine_03/Neck"]
transform = Transform3D(0, 0.987303, 0.158851, 0, 0.158851, -0.987303, -1, 0, 0, 12.1644, -1.5099e-14, -5.05918e-15)
metadata/ufile_ids = ["99cdb7462838a6342bd2288456e75888:494448", "99cdb7462838a6342bd2288456e75888:106104"]

[node name="Eyebrows" type="Node3D" parent="Root/Hips/Spine_01/Spine_02/Spine_03/Neck/Head"]
transform = Transform3D(1, 0, 0, 0, 1, 0, 0, 0, 1, -2.52435e-29, 12.7669, 12.2722)
metadata/ufile_ids = ["99cdb7462838a6342bd2288456e75888:455530", "99cdb7462838a6342bd2288456e75888:157232"]

[node name="Eyes" type="Node3D" parent="Root/Hips/Spine_01/Spine_02/Spine_03/Neck/Head"]
transform = Transform3D(1, 0, 0, 0, 1, 0, 0, 0, 1, 2.05104e-29, 9.44761, 12.2722)
metadata/ufile_ids = ["99cdb7462838a6342bd2288456e75888:437114", "99cdb7462838a6342bd2288456e75888:169336"]

[node name="SM_Item_Goblin_Hair" type="Node3D" parent="Root/Hips/Spine_01/Spine_02/Spine_03/Neck/Head"]
transform = Transform3D(1, 1.11999e-14, -8.30618e-15, -1.11999e-14, 1, -3.13721e-13, 8.30618e-15, 3.13721e-13, 1, -0.482341, 18.4513, -11.6214)
visible = false
metadata/ufile_ids = ["99cdb7462838a6342bd2288456e75888:472858", "99cdb7462838a6342bd2288456e75888:119170", "99cdb7462838a6342bd2288456e75888:3394492", "99cdb7462838a6342bd2288456e75888:2328590"]

[node name="_mesh" type="MeshInstance3D" parent="Root/Hips/Spine_01/Spine_02/Spine_03/Neck/Head/SM_Item_Goblin_Hair"]
mesh = ExtResource("28_vu1by")
surface_material_override/0 = ExtResource("4_lilmw")

[node name="SM_Item_Mask_01" type="Node3D" parent="Root/Hips/Spine_01/Spine_02/Spine_03/Neck/Head"]
transform = Transform3D(1, 1.11999e-14, -8.30618e-15, -1.11999e-14, 1, -3.13721e-13, 8.30618e-15, 3.13721e-13, 1, -1.26528e-12, -156.911, 0.483958)
visible = false
metadata/ufile_ids = ["99cdb7462838a6342bd2288456e75888:456456", "99cdb7462838a6342bd2288456e75888:195546", "99cdb7462838a6342bd2288456e75888:3379414", "99cdb7462838a6342bd2288456e75888:2306930"]

[node name="_mesh" type="MeshInstance3D" parent="Root/Hips/Spine_01/Spine_02/Spine_03/Neck/Head/SM_Item_Mask_01"]
mesh = ExtResource("29_ot3h1")
surface_material_override/0 = ExtResource("4_lilmw")

[node name="SM_Item_Mask_02" type="Node3D" parent="Root/Hips/Spine_01/Spine_02/Spine_03/Neck/Head"]
transform = Transform3D(1, 1.11999e-14, -8.30618e-15, -1.11999e-14, 1, -3.13721e-13, 8.30618e-15, 3.13721e-13, 1, -1.26528e-12, -156.911, 0.483958)
visible = false
metadata/ufile_ids = ["99cdb7462838a6342bd2288456e75888:432362", "99cdb7462838a6342bd2288456e75888:110192", "99cdb7462838a6342bd2288456e75888:3368026", "99cdb7462838a6342bd2288456e75888:2334520"]

[node name="_mesh" type="MeshInstance3D" parent="Root/Hips/Spine_01/Spine_02/Spine_03/Neck/Head/SM_Item_Mask_02"]
mesh = ExtResource("30_xow88")
surface_material_override/0 = ExtResource("4_lilmw")

[node name="UpperLeg_L" type="Node3D" parent="Root/Hips"]
transform = Transform3D(0.988277, -0.0313848, -0.149412, 0.149337, -0.00474262, 0.988775, -0.0317411, -0.999496, -1.19209e-07, -4.11578, -2.69208, 9.89671)
metadata/ufile_ids = ["99cdb7462838a6342bd2288456e75888:474786", "99cdb7462838a6342bd2288456e75888:190496"]

[node name="LowerLeg_L" type="Node3D" parent="Root/Hips/UpperLeg_L"]
transform = Transform3D(0.998758, -0.0387686, -0.031288, -0.0242844, 0.16951, -0.985229, 0.0434995, 0.984766, 0.168358, -39.9309, -3.80503e-05, 1.46549e-14)
metadata/ufile_ids = ["99cdb7462838a6342bd2288456e75888:451116", "99cdb7462838a6342bd2288456e75888:184162"]

[node name="Ankle_L" type="Node3D" parent="Root/Hips/UpperLeg_L/LowerLeg_L"]
transform = Transform3D(0.482309, -0.875969, 0.00742956, -0.864116, -0.474357, 0.168194, -0.143808, -0.0875415, -0.985726, -37.7123, 1.31695e-05, -8.41104e-05)
metadata/ufile_ids = ["99cdb7462838a6342bd2288456e75888:458420", "99cdb7462838a6342bd2288456e75888:163978"]

[node name="Ball_L" type="Node3D" parent="Root/Hips/UpperLeg_L/LowerLeg_L/Ankle_L"]
transform = Transform3D(0.854183, -0.519973, -7.5118e-15, 0.519973, 0.854183, -9.44708e-15, 1.13287e-14, 4.16361e-15, 1, -11.284, -1.68496e-06, -7.10543e-15)
metadata/ufile_ids = ["99cdb7462838a6342bd2288456e75888:477820", "99cdb7462838a6342bd2288456e75888:110272"]

[node name="Toes_L" type="Node3D" parent="Root/Hips/UpperLeg_L/LowerLeg_L/Ankle_L/Ball_L"]
transform = Transform3D(0, -7.74325e-13, 1, 0, 1, 7.74325e-13, -1, 0, 0, -7.29575, 2.66454e-15, 1.77636e-15)
metadata/ufile_ids = ["99cdb7462838a6342bd2288456e75888:414928", "99cdb7462838a6342bd2288456e75888:140352"]

[node name="UpperLeg_R" type="Node3D" parent="Root/Hips"]
transform = Transform3D(-0.988277, 0.0313848, 0.149412, -0.149337, 0.00474262, -0.988775, -0.0317411, -0.999496, 5.96046e-08, -4.11577, -2.69207, -9.89671)
metadata/ufile_ids = ["99cdb7462838a6342bd2288456e75888:413310", "99cdb7462838a6342bd2288456e75888:195360"]

[node name="LowerLeg_R" type="Node3D" parent="Root/Hips/UpperLeg_R"]
transform = Transform3D(0.998758, -0.0387686, -0.031288, -0.0242844, 0.16951, -0.985229, 0.0434995, 0.984766, 0.168358, 39.9309, -6.88338e-15, -5.33421e-15)
metadata/ufile_ids = ["99cdb7462838a6342bd2288456e75888:432680", "99cdb7462838a6342bd2288456e75888:134934"]

[node name="Ankle_R" type="Node3D" parent="Root/Hips/UpperLeg_R/LowerLeg_R"]
transform = Transform3D(0.482309, -0.875969, 0.00742956, -0.864116, -0.474357, 0.168194, -0.143808, -0.0875415, -0.985726, 37.7124, -7.77156e-15, 1.68199e-14)
metadata/ufile_ids = ["99cdb7462838a6342bd2288456e75888:480968", "99cdb7462838a6342bd2288456e75888:195452"]

[node name="Ball_R" type="Node3D" parent="Root/Hips/UpperLeg_R/LowerLeg_R/Ankle_R"]
transform = Transform3D(0.854183, -0.519973, -2.88558e-15, 0.519973, 0.854183, 7.86072e-16, 2.05608e-15, -2.17187e-15, 1, 11.284, -1.15463e-14, -2.11335e-15)
metadata/ufile_ids = ["99cdb7462838a6342bd2288456e75888:489676", "99cdb7462838a6342bd2288456e75888:113060"]

[node name="Toes_R" type="Node3D" parent="Root/Hips/UpperLeg_R/LowerLeg_R/Ankle_R/Ball_R"]
transform = Transform3D(0, 5.37782e-14, 1, 0, 1, -5.37782e-14, -1, 0, 0, 7.29576, 2.04009e-16, 3.40871e-16)
metadata/ufile_ids = ["99cdb7462838a6342bd2288456e75888:462918", "99cdb7462838a6342bd2288456e75888:132860"]
