[gd_scene load_steps=30 format=3 uid="uid://bgjt6ru53mxdx"]

[ext_resource type="ArrayMesh" path="res://assets/PolygonDungeon/Models/Characters_mesh/Character_Ghost_01_4300060.mesh" id="1_y1a7s"]
[ext_resource type="Material" uid="uid://c3xg28fkmvve7" path="res://assets/PolygonDungeon/Materials/Dungeons_Material_Characters_01.tres" id="2_qkpot"]
[ext_resource type="ArrayMesh" uid="uid://dgbner6hu42k6" path="res://assets/PolygonDungeon/Models/Characters_mesh/Character_Ghost_02_4300050.mesh" id="3_xude1"]
[ext_resource type="ArrayMesh" path="res://assets/PolygonDungeon/Models/Characters_mesh/Character_Goblin_Female_4300046.mesh" id="4_c6yeq"]
[ext_resource type="ArrayMesh" path="res://assets/PolygonDungeon/Models/Characters_mesh/Character_Goblin_Male_4300066.mesh" id="5_u4ydl"]
[ext_resource type="ArrayMesh" path="res://assets/PolygonDungeon/Models/Characters_mesh/Character_Goblin_Shaman_4300058.mesh" id="6_cgnri"]
[ext_resource type="ArrayMesh" path="res://assets/PolygonDungeon/Models/Characters_mesh/Character_Goblin_WarChief_4300072.mesh" id="7_fjaie"]
[ext_resource type="ArrayMesh" path="res://assets/PolygonDungeon/Models/Characters_mesh/Character_Goblin_Warrior_Female_4300044.mesh" id="8_3gvgp"]
[ext_resource type="ArrayMesh" path="res://assets/PolygonDungeon/Models/Characters_mesh/Character_Goblin_Warrior_Male_4300052.mesh" id="9_6y13y"]
[ext_resource type="ArrayMesh" path="res://assets/PolygonDungeon/Models/Characters_mesh/Character_Hero_Knight_Female_4300048.mesh" id="10_ljdap"]
[ext_resource type="ArrayMesh" path="res://assets/PolygonDungeon/Models/Characters_mesh/Character_Hero_Knight_Male_4300068.mesh" id="11_iylhw"]
[ext_resource type="ArrayMesh" path="res://assets/PolygonDungeon/Models/Characters_mesh/Character_Rock_Golem_4300056.mesh" id="12_1mq48"]
[ext_resource type="ArrayMesh" path="res://assets/PolygonDungeon/Models/Characters_mesh/Character_Skeleton_Knight_4300054.mesh" id="13_5lurb"]
[ext_resource type="ArrayMesh" path="res://assets/PolygonDungeon/Models/Characters_mesh/Character_Skeleton_Slave_01_4300070.mesh" id="14_wnoea"]
[ext_resource type="ArrayMesh" path="res://assets/PolygonDungeon/Models/Characters_mesh/Character_Skeleton_Soldier_01_4300074.mesh" id="15_p3qwt"]
[ext_resource type="ArrayMesh" path="res://assets/PolygonDungeon/Models/Characters_mesh/Character_Skeleton_Soldier_02_4300064.mesh" id="16_gjmnd"]
[ext_resource type="ArrayMesh" path="res://assets/PolygonDungeon/Models/Characters_mesh/Character_Tormented_Soul_4300062.mesh" id="17_hl8an"]
[ext_resource type="ArrayMesh" path="res://assets/PolygonDungeon/Models/Characters_mesh/SM_Item_Bag_Large_4300042.mesh" id="18_1ydnq"]
[ext_resource type="ArrayMesh" path="res://assets/PolygonDungeon/Models/Characters_mesh/SM_Item_Bags_4300034.mesh" id="19_aeabp"]
[ext_resource type="ArrayMesh" path="res://assets/PolygonDungeon/Models/Characters_mesh/SM_Item_Bones_4300040.mesh" id="20_13244"]
[ext_resource type="ArrayMesh" path="res://assets/PolygonDungeon/Models/Characters_mesh/SM_Item_Horn_4300038.mesh" id="21_imtmf"]
[ext_resource type="ArrayMesh" path="res://assets/PolygonDungeon/Models/Characters_mesh/SM_Item_Shrooms_4300036.mesh" id="22_sddfc"]
[ext_resource type="ArrayMesh" path="res://assets/PolygonDungeon/Models/Characters_mesh/SM_Item_Shrunken_Head_4300032.mesh" id="23_3fvvq"]
[ext_resource type="ArrayMesh" path="res://assets/PolygonDungeon/Models/Characters_mesh/SM_Item_Goblin_WarBanner_4300014.mesh" id="24_ywjyj"]
[ext_resource type="ArrayMesh" path="res://assets/PolygonDungeon/Models/Characters_mesh/SM_Item_Shield_4300018.mesh" id="25_sgiyx"]
[ext_resource type="ArrayMesh" path="res://assets/PolygonDungeon/Models/Characters_mesh/SM_Item_Sword_4300016.mesh" id="26_056eq"]
[ext_resource type="ArrayMesh" path="res://assets/PolygonDungeon/Models/Characters_mesh/SM_Item_Goblin_Hair_4300000.mesh" id="27_4vqsp"]
[ext_resource type="ArrayMesh" path="res://assets/PolygonDungeon/Models/Characters_mesh/SM_Item_Mask_01_4300002.mesh" id="28_lbdeb"]
[ext_resource type="ArrayMesh" path="res://assets/PolygonDungeon/Models/Characters_mesh/SM_Item_Mask_02_4300004.mesh" id="29_x3mlo"]

[node name="Character_Goblin_Warrior_Male" type="Node3D"]
metadata/ufile_ids = ["8cd752dc36d412b4bba2efd06775153a:407186", "8cd752dc36d412b4bba2efd06775153a:112422", "8cd752dc36d412b4bba2efd06775153a:9505110"]

[node name="Character_Ghost_01" type="Node3D" parent="."]
visible = false
metadata/ufile_ids = ["8cd752dc36d412b4bba2efd06775153a:490534", "8cd752dc36d412b4bba2efd06775153a:118700", "8cd752dc36d412b4bba2efd06775153a:13739612"]

[node name="_mesh" type="MeshInstance3D" parent="Character_Ghost_01"]
mesh = ExtResource("1_y1a7s")
surface_material_override/0 = ExtResource("2_qkpot")

[node name="Character_Ghost_02" type="Node3D" parent="."]
visible = false
metadata/ufile_ids = ["8cd752dc36d412b4bba2efd06775153a:423498", "8cd752dc36d412b4bba2efd06775153a:138738", "8cd752dc36d412b4bba2efd06775153a:13716342"]

[node name="_mesh" type="MeshInstance3D" parent="Character_Ghost_02"]
mesh = ExtResource("3_xude1")
surface_material_override/0 = ExtResource("2_qkpot")

[node name="Character_Goblin_Female" type="Node3D" parent="."]
visible = false
metadata/ufile_ids = ["8cd752dc36d412b4bba2efd06775153a:425646", "8cd752dc36d412b4bba2efd06775153a:125830", "8cd752dc36d412b4bba2efd06775153a:13794152"]

[node name="_mesh" type="MeshInstance3D" parent="Character_Goblin_Female"]
mesh = ExtResource("4_c6yeq")
surface_material_override/0 = ExtResource("2_qkpot")

[node name="Character_Goblin_Male" type="Node3D" parent="."]
visible = false
metadata/ufile_ids = ["8cd752dc36d412b4bba2efd06775153a:405162", "8cd752dc36d412b4bba2efd06775153a:156404", "8cd752dc36d412b4bba2efd06775153a:13779244"]

[node name="_mesh" type="MeshInstance3D" parent="Character_Goblin_Male"]
mesh = ExtResource("5_u4ydl")
surface_material_override/0 = ExtResource("2_qkpot")

[node name="Character_Goblin_Shaman" type="Node3D" parent="."]
visible = false
metadata/ufile_ids = ["8cd752dc36d412b4bba2efd06775153a:410518", "8cd752dc36d412b4bba2efd06775153a:120406", "8cd752dc36d412b4bba2efd06775153a:13748844"]

[node name="_mesh" type="MeshInstance3D" parent="Character_Goblin_Shaman"]
mesh = ExtResource("6_cgnri")
surface_material_override/0 = ExtResource("2_qkpot")

[node name="Character_Goblin_WarChief" type="Node3D" parent="."]
visible = false
metadata/ufile_ids = ["8cd752dc36d412b4bba2efd06775153a:403752", "8cd752dc36d412b4bba2efd06775153a:151886", "8cd752dc36d412b4bba2efd06775153a:13720208"]

[node name="_mesh" type="MeshInstance3D" parent="Character_Goblin_WarChief"]
mesh = ExtResource("7_fjaie")
surface_material_override/0 = ExtResource("2_qkpot")

[node name="Character_Goblin_Warrior_Female" type="Node3D" parent="."]
visible = false
metadata/ufile_ids = ["8cd752dc36d412b4bba2efd06775153a:468704", "8cd752dc36d412b4bba2efd06775153a:195562", "8cd752dc36d412b4bba2efd06775153a:13708612"]

[node name="_mesh" type="MeshInstance3D" parent="Character_Goblin_Warrior_Female"]
mesh = ExtResource("8_3gvgp")
surface_material_override/0 = ExtResource("2_qkpot")

[node name="Character_Goblin_Warrior_Male" type="Node3D" parent="."]
metadata/ufile_ids = ["8cd752dc36d412b4bba2efd06775153a:480826", "8cd752dc36d412b4bba2efd06775153a:169918", "8cd752dc36d412b4bba2efd06775153a:13783474"]

[node name="_mesh" type="MeshInstance3D" parent="Character_Goblin_Warrior_Male"]
mesh = ExtResource("9_6y13y")
surface_material_override/0 = ExtResource("2_qkpot")

[node name="Character_Hero_Knight_Female" type="Node3D" parent="."]
visible = false
metadata/ufile_ids = ["8cd752dc36d412b4bba2efd06775153a:428996", "8cd752dc36d412b4bba2efd06775153a:129368", "8cd752dc36d412b4bba2efd06775153a:13751278"]

[node name="_mesh" type="MeshInstance3D" parent="Character_Hero_Knight_Female"]
mesh = ExtResource("10_ljdap")
surface_material_override/0 = ExtResource("2_qkpot")

[node name="Character_Hero_Knight_Male" type="Node3D" parent="."]
visible = false
metadata/ufile_ids = ["8cd752dc36d412b4bba2efd06775153a:409856", "8cd752dc36d412b4bba2efd06775153a:171260", "8cd752dc36d412b4bba2efd06775153a:13789580"]

[node name="_mesh" type="MeshInstance3D" parent="Character_Hero_Knight_Male"]
mesh = ExtResource("11_iylhw")
surface_material_override/0 = ExtResource("2_qkpot")

[node name="Character_Rock_Golem" type="Node3D" parent="."]
visible = false
metadata/ufile_ids = ["8cd752dc36d412b4bba2efd06775153a:493140", "8cd752dc36d412b4bba2efd06775153a:151996", "8cd752dc36d412b4bba2efd06775153a:13741264"]

[node name="_mesh" type="MeshInstance3D" parent="Character_Rock_Golem"]
mesh = ExtResource("12_1mq48")
surface_material_override/0 = ExtResource("2_qkpot")

[node name="Character_Skeleton_Knight" type="Node3D" parent="."]
visible = false
metadata/ufile_ids = ["8cd752dc36d412b4bba2efd06775153a:445390", "8cd752dc36d412b4bba2efd06775153a:120272", "8cd752dc36d412b4bba2efd06775153a:13740630"]

[node name="_mesh" type="MeshInstance3D" parent="Character_Skeleton_Knight"]
mesh = ExtResource("13_5lurb")
surface_material_override/0 = ExtResource("2_qkpot")

[node name="Character_Skeleton_Slave_01" type="Node3D" parent="."]
visible = false
metadata/ufile_ids = ["8cd752dc36d412b4bba2efd06775153a:498392", "8cd752dc36d412b4bba2efd06775153a:108848", "8cd752dc36d412b4bba2efd06775153a:13725636"]

[node name="_mesh" type="MeshInstance3D" parent="Character_Skeleton_Slave_01"]
mesh = ExtResource("14_wnoea")
surface_material_override/0 = ExtResource("2_qkpot")

[node name="Character_Skeleton_Soldier_01" type="Node3D" parent="."]
visible = false
metadata/ufile_ids = ["8cd752dc36d412b4bba2efd06775153a:478748", "8cd752dc36d412b4bba2efd06775153a:198966", "8cd752dc36d412b4bba2efd06775153a:13779738"]

[node name="_mesh" type="MeshInstance3D" parent="Character_Skeleton_Soldier_01"]
mesh = ExtResource("15_p3qwt")
surface_material_override/0 = ExtResource("2_qkpot")

[node name="Character_Skeleton_Soldier_02" type="Node3D" parent="."]
visible = false
metadata/ufile_ids = ["8cd752dc36d412b4bba2efd06775153a:430676", "8cd752dc36d412b4bba2efd06775153a:192946", "8cd752dc36d412b4bba2efd06775153a:13781132"]

[node name="_mesh" type="MeshInstance3D" parent="Character_Skeleton_Soldier_02"]
mesh = ExtResource("16_gjmnd")
surface_material_override/0 = ExtResource("2_qkpot")

[node name="Character_Tormented_Soul" type="Node3D" parent="."]
visible = false
metadata/ufile_ids = ["8cd752dc36d412b4bba2efd06775153a:468062", "8cd752dc36d412b4bba2efd06775153a:162040", "8cd752dc36d412b4bba2efd06775153a:13727524"]

[node name="_mesh" type="MeshInstance3D" parent="Character_Tormented_Soul"]
mesh = ExtResource("17_hl8an")
surface_material_override/0 = ExtResource("2_qkpot")

[node name="Root" type="Node3D" parent="."]
transform = Transform3D(0.01, 0, 0, 0, 0.01, 0, 0, 0, 0.01, 0, 0, 0)
metadata/ufile_ids = ["8cd752dc36d412b4bba2efd06775153a:451086", "8cd752dc36d412b4bba2efd06775153a:169632"]

[node name="Hips" type="Node3D" parent="Root"]
transform = Transform3D(0, 0, 1, 0.988775, 0.149412, 0, -0.149412, 0.988775, 0, 0, 87.6276, 0)
metadata/ufile_ids = ["8cd752dc36d412b4bba2efd06775153a:445290", "8cd752dc36d412b4bba2efd06775153a:131986"]

[node name="SM_Item_Bag_Large" type="Node3D" parent="Root/Hips"]
transform = Transform3D(0, 1.15279, -0.174196, 0, 0.174196, 1.15279, 1.16588, 0, 0, 14.33, 2.17, -14.43)
metadata/ufile_ids = ["8cd752dc36d412b4bba2efd06775153a:456968", "8cd752dc36d412b4bba2efd06775153a:133010", "8cd752dc36d412b4bba2efd06775153a:3319724", "8cd752dc36d412b4bba2efd06775153a:2305410"]

[node name="_mesh" type="MeshInstance3D" parent="Root/Hips/SM_Item_Bag_Large"]
mesh = ExtResource("18_1ydnq")
surface_material_override/0 = ExtResource("2_qkpot")

[node name="SM_Item_Bags" type="Node3D" parent="Root/Hips"]
transform = Transform3D(0, 0.988775, -0.149412, 0, 0.149412, 0.988775, 1, 0, 0, 7.34898, 1.11049, -20.6229)
visible = false
metadata/ufile_ids = ["8cd752dc36d412b4bba2efd06775153a:489436", "8cd752dc36d412b4bba2efd06775153a:114958", "8cd752dc36d412b4bba2efd06775153a:3352896", "8cd752dc36d412b4bba2efd06775153a:2339120"]

[node name="_mesh" type="MeshInstance3D" parent="Root/Hips/SM_Item_Bags"]
mesh = ExtResource("19_aeabp")
surface_material_override/0 = ExtResource("2_qkpot")

[node name="SM_Item_Bones" type="Node3D" parent="Root/Hips"]
transform = Transform3D(0, 0.988775, -0.149412, 0, 0.149412, 0.988775, 1, 0, 0, 9.02181, 1.36327, -18.7515)
visible = false
metadata/ufile_ids = ["8cd752dc36d412b4bba2efd06775153a:453146", "8cd752dc36d412b4bba2efd06775153a:143686", "8cd752dc36d412b4bba2efd06775153a:3342566", "8cd752dc36d412b4bba2efd06775153a:2326498"]

[node name="_mesh" type="MeshInstance3D" parent="Root/Hips/SM_Item_Bones"]
mesh = ExtResource("20_13244")
surface_material_override/0 = ExtResource("2_qkpot")

[node name="SM_Item_Horn" type="Node3D" parent="Root/Hips"]
transform = Transform3D(0, 0.988775, -0.149412, 0, 0.149412, 0.988775, 1, 0, 0, 7.95274, 1.20172, 16.5818)
visible = false
metadata/ufile_ids = ["8cd752dc36d412b4bba2efd06775153a:408238", "8cd752dc36d412b4bba2efd06775153a:101728", "8cd752dc36d412b4bba2efd06775153a:3395236", "8cd752dc36d412b4bba2efd06775153a:2306300"]

[node name="_mesh" type="MeshInstance3D" parent="Root/Hips/SM_Item_Horn"]
mesh = ExtResource("21_imtmf")
surface_material_override/0 = ExtResource("2_qkpot")

[node name="SM_Item_Shrooms" type="Node3D" parent="Root/Hips"]
transform = Transform3D(0, 0.988775, -0.149412, 0, 0.149412, 0.988775, 1, 0, 0, 6.17986, 0.933827, 18.9238)
visible = false
metadata/ufile_ids = ["8cd752dc36d412b4bba2efd06775153a:489842", "8cd752dc36d412b4bba2efd06775153a:170472", "8cd752dc36d412b4bba2efd06775153a:3386158", "8cd752dc36d412b4bba2efd06775153a:2376420"]

[node name="_mesh" type="MeshInstance3D" parent="Root/Hips/SM_Item_Shrooms"]
mesh = ExtResource("22_sddfc")
surface_material_override/0 = ExtResource("2_qkpot")

[node name="SM_Item_Shrunken_Head" type="Node3D" parent="Root/Hips"]
transform = Transform3D(-0.122535, 0.939419, 0.32012, 0.991102, 0.0989298, 0.0890537, 0.0519893, 0.328184, -0.943182, 6.56217, -0.134331, -17.6248)
visible = false
metadata/ufile_ids = ["8cd752dc36d412b4bba2efd06775153a:418384", "8cd752dc36d412b4bba2efd06775153a:142926", "8cd752dc36d412b4bba2efd06775153a:3312498", "8cd752dc36d412b4bba2efd06775153a:2384498"]

[node name="_mesh" type="MeshInstance3D" parent="Root/Hips/SM_Item_Shrunken_Head"]
mesh = ExtResource("23_3fvvq")
surface_material_override/0 = ExtResource("2_qkpot")

[node name="Spine_01" type="Node3D" parent="Root/Hips"]
transform = Transform3D(0.980128, 0.198365, -2.61763e-15, 0.198365, -0.980128, -4.04826e-16, -2.64591e-15, -1.22465e-16, -1, 10.3933, 1.33227e-15, 4.61554e-15)
metadata/ufile_ids = ["8cd752dc36d412b4bba2efd06775153a:437666", "8cd752dc36d412b4bba2efd06775153a:154154"]

[node name="Spine_02" type="Node3D" parent="Root/Hips/Spine_01"]
transform = Transform3D(0.980791, 0.195062, 1.17781e-15, 0.195062, -0.980791, 3.59108e-16, 1.22523e-15, -1.22465e-16, -1, 18.1512, 1.55431e-15, -7.10107e-15)
metadata/ufile_ids = ["8cd752dc36d412b4bba2efd06775153a:466342", "8cd752dc36d412b4bba2efd06775153a:133392"]

[node name="SM_Item_Goblin_WarBanner" type="Node3D" parent="Root/Hips/Spine_01/Spine_02"]
transform = Transform3D(0, 0.989273, -0.14608, 0, 0.14608, 0.989273, 1, 0, 0, 10.0745, -13.7135, 3.42695e-13)
visible = false
metadata/ufile_ids = ["8cd752dc36d412b4bba2efd06775153a:488112", "8cd752dc36d412b4bba2efd06775153a:158210", "8cd752dc36d412b4bba2efd06775153a:3305214", "8cd752dc36d412b4bba2efd06775153a:2321754"]

[node name="_mesh" type="MeshInstance3D" parent="Root/Hips/Spine_01/Spine_02/SM_Item_Goblin_WarBanner"]
mesh = ExtResource("24_ywjyj")
surface_material_override/0 = ExtResource("2_qkpot")

[node name="SM_Item_Shield" type="Node3D" parent="Root/Hips/Spine_01/Spine_02"]
transform = Transform3D(0, 0.989273, -0.14608, 0, 0.14608, 0.989273, 1, 0, 0, 19.4008, -9.59115, 4.07389e-13)
visible = false
metadata/ufile_ids = ["8cd752dc36d412b4bba2efd06775153a:455190", "8cd752dc36d412b4bba2efd06775153a:167568", "8cd752dc36d412b4bba2efd06775153a:3335754", "8cd752dc36d412b4bba2efd06775153a:2350642"]

[node name="_mesh" type="MeshInstance3D" parent="Root/Hips/Spine_01/Spine_02/SM_Item_Shield"]
mesh = ExtResource("25_sgiyx")
surface_material_override/0 = ExtResource("2_qkpot")

[node name="SM_Item_Sword" type="Node3D" parent="Root/Hips/Spine_01/Spine_02"]
transform = Transform3D(0, 0.989273, -0.14608, 0, 0.14608, 0.989273, 1, 0, 0, 16.9072, -12.0668, 3.97542e-13)
visible = false
metadata/ufile_ids = ["8cd752dc36d412b4bba2efd06775153a:451710", "8cd752dc36d412b4bba2efd06775153a:125218", "8cd752dc36d412b4bba2efd06775153a:3397812", "8cd752dc36d412b4bba2efd06775153a:2371752"]

[node name="_mesh" type="MeshInstance3D" parent="Root/Hips/Spine_01/Spine_02/SM_Item_Sword"]
mesh = ExtResource("26_056eq")
surface_material_override/0 = ExtResource("2_qkpot")

[node name="Spine_03" type="Node3D" parent="Root/Hips/Spine_01/Spine_02"]
transform = Transform3D(0.975318, 0.220805, 5.46841e-17, 0.220805, -0.975318, 1.37944e-16, 8.37932e-17, -1.22465e-16, -1, 17.9037, 2.22045e-15, 7.50973e-15)
metadata/ufile_ids = ["8cd752dc36d412b4bba2efd06775153a:441250", "8cd752dc36d412b4bba2efd06775153a:122680"]

[node name="Clavicle_L" type="Node3D" parent="Root/Hips/Spine_01/Spine_02/Spine_03"]
transform = Transform3D(-0.0486081, 0.996564, 0.0670689, 0.467129, 0.0820338, -0.880376, -0.882852, -0.0114634, -0.469511, 5.80117, -4.19145, -7.44715)
metadata/ufile_ids = ["8cd752dc36d412b4bba2efd06775153a:474934", "8cd752dc36d412b4bba2efd06775153a:190356"]

[node name="Shoulder_L" type="Node3D" parent="Root/Hips/Spine_01/Spine_02/Spine_03/Clavicle_L"]
transform = Transform3D(0.885509, 0.0602784, -0.460696, -0.0710111, 0.997458, -0.00598189, 0.459164, 0.0380115, 0.887538, 13.1979, -4.85723e-17, -2.66454e-15)
metadata/ufile_ids = ["8cd752dc36d412b4bba2efd06775153a:498490", "8cd752dc36d412b4bba2efd06775153a:174814"]

[node name="Elbow_L" type="Node3D" parent="Root/Hips/Spine_01/Spine_02/Spine_03/Clavicle_L/Shoulder_L"]
transform = Transform3D(0.993276, -0.0825021, -0.081223, 0.0822276, 0.996591, -0.00672399, 0.0815009, -2.32831e-10, 0.996673, 33.9474, -0.144907, -0.143626)
metadata/ufile_ids = ["8cd752dc36d412b4bba2efd06775153a:433390", "8cd752dc36d412b4bba2efd06775153a:134074"]

[node name="Hand_L" type="Node3D" parent="Root/Hips/Spine_01/Spine_02/Spine_03/Clavicle_L/Shoulder_L/Elbow_L"]
transform = Transform3D(0.997432, 3.33198e-15, 0.0716155, -3.33544e-15, 1, -7.12448e-17, -0.0716155, -1.67807e-16, 0.997432, 27.1145, 0, -0.0381364)
metadata/ufile_ids = ["8cd752dc36d412b4bba2efd06775153a:444796", "8cd752dc36d412b4bba2efd06775153a:127990"]

[node name="Finger_01" type="Node3D" parent="Root/Hips/Spine_01/Spine_02/Spine_03/Clavicle_L/Shoulder_L/Elbow_L/Hand_L"]
transform = Transform3D(0.98976, 0.11253, 0.0878153, -0.112967, 0.993599, 0, -0.0872532, -0.0099202, 0.996137, 9.98253, -0.115959, -3.28334)
metadata/ufile_ids = ["8cd752dc36d412b4bba2efd06775153a:453806", "8cd752dc36d412b4bba2efd06775153a:100402"]

[node name="Finger_02" type="Node3D" parent="Root/Hips/Spine_01/Spine_02/Spine_03/Clavicle_L/Shoulder_L/Elbow_L/Hand_L/Finger_01"]
transform = Transform3D(0.998335, 0.042418, -0.0390799, -0.0426236, 0.999081, -0.00444316, 0.0388555, 0.00610149, 0.999226, 4.24881, -1.05818e-15, -8.32667e-16)
metadata/ufile_ids = ["8cd752dc36d412b4bba2efd06775153a:446196", "8cd752dc36d412b4bba2efd06775153a:124986"]

[node name="Finger_03" type="Node3D" parent="Root/Hips/Spine_01/Spine_02/Spine_03/Clavicle_L/Shoulder_L/Elbow_L/Hand_L/Finger_01/Finger_02"]
transform = Transform3D(0.972665, 0.181128, 0.145312, -0.186317, 0.982225, 0.0228184, -0.138596, -0.0492687, 0.989123, 3.51333, -3.00324e-14, 3.77476e-15)
metadata/ufile_ids = ["8cd752dc36d412b4bba2efd06775153a:448980", "8cd752dc36d412b4bba2efd06775153a:168724"]

[node name="Finger_04" type="Node3D" parent="Root/Hips/Spine_01/Spine_02/Spine_03/Clavicle_L/Shoulder_L/Elbow_L/Hand_L/Finger_01/Finger_02/Finger_03"]
transform = Transform3D(0.924156, -0.33495, -0.183697, 0.328523, 0.942236, -0.0653013, 0.194958, 0, 0.980812, 3.00324, 2.12677e-14, -1.11022e-16)
metadata/ufile_ids = ["8cd752dc36d412b4bba2efd06775153a:426668", "8cd752dc36d412b4bba2efd06775153a:125176"]

[node name="IndexFinger_01" type="Node3D" parent="Root/Hips/Spine_01/Spine_02/Spine_03/Clavicle_L/Shoulder_L/Elbow_L/Hand_L"]
transform = Transform3D(0.991306, 0.00845244, -0.131305, -0.00852626, 0.999964, 0, 0.1313, 0.00111954, 0.991342, 10.3966, 0.398715, 2.67265)
metadata/ufile_ids = ["8cd752dc36d412b4bba2efd06775153a:405338", "8cd752dc36d412b4bba2efd06775153a:147490"]

[node name="IndexFinger_02" type="Node3D" parent="Root/Hips/Spine_01/Spine_02/Spine_03/Clavicle_L/Shoulder_L/Elbow_L/Hand_L/IndexFinger_01"]
transform = Transform3D(0.980432, 0.19567, 0.0216048, -0.19572, 0.98066, 0.000184215, -0.021151, -0.00440911, 0.999767, 4.09363, -1.52764e-16, 2.44249e-15)
metadata/ufile_ids = ["8cd752dc36d412b4bba2efd06775153a:452036", "8cd752dc36d412b4bba2efd06775153a:100322"]

[node name="IndexFinger_03" type="Node3D" parent="Root/Hips/Spine_01/Spine_02/Spine_03/Clavicle_L/Shoulder_L/Elbow_L/Hand_L/IndexFinger_01/IndexFinger_02"]
transform = Transform3D(0.992179, 0.113423, 0.0521209, -0.114134, 0.993406, 0.0108651, -0.0505449, -0.0167289, 0.998582, 3.79119, -2.1462e-14, -3.83027e-15)
metadata/ufile_ids = ["8cd752dc36d412b4bba2efd06775153a:418836", "8cd752dc36d412b4bba2efd06775153a:187636"]

[node name="IndexFinger_04" type="Node3D" parent="Root/Hips/Spine_01/Spine_02/Spine_03/Clavicle_L/Shoulder_L/Elbow_L/Hand_L/IndexFinger_01/IndexFinger_02/IndexFinger_03"]
transform = Transform3D(0.947822, -0.314209, 0.0539051, 0.313702, 0.949354, 0.017841, -0.0567808, 9.31323e-10, 0.998387, 3.77979, -1.92841e-14, -9.99201e-16)
metadata/ufile_ids = ["8cd752dc36d412b4bba2efd06775153a:427180", "8cd752dc36d412b4bba2efd06775153a:106366"]

[node name="Thumb_01" type="Node3D" parent="Root/Hips/Spine_01/Spine_02/Spine_03/Clavicle_L/Shoulder_L/Elbow_L/Hand_L"]
transform = Transform3D(0.831214, 0.154317, -0.534106, -0.182534, 0.9832, 1.11759e-08, 0.525132, 0.0974924, 0.845418, 3.51405, -1.17069, 4.50554)
metadata/ufile_ids = ["8cd752dc36d412b4bba2efd06775153a:495022", "8cd752dc36d412b4bba2efd06775153a:105880"]

[node name="Thumb_02" type="Node3D" parent="Root/Hips/Spine_01/Spine_02/Spine_03/Clavicle_L/Shoulder_L/Elbow_L/Hand_L/Thumb_01"]
transform = Transform3D(0.932106, 0.268778, 0.242769, -0.287605, 0.956688, 0.0450708, -0.22014, -0.111832, 0.969037, 6.37021, -6.10623e-16, 4.44089e-16)
metadata/ufile_ids = ["8cd752dc36d412b4bba2efd06775153a:444162", "8cd752dc36d412b4bba2efd06775153a:116542"]

[node name="Thumb_03" type="Node3D" parent="Root/Hips/Spine_01/Spine_02/Spine_03/Clavicle_L/Shoulder_L/Elbow_L/Hand_L/Thumb_01/Thumb_02"]
transform = Transform3D(0.847975, -0.452915, 0.27533, 0.430776, 0.891554, 0.139869, -0.30882, 0, 0.951121, 5.66557, 2.91156e-14, 3.9968e-15)
metadata/ufile_ids = ["8cd752dc36d412b4bba2efd06775153a:424132", "8cd752dc36d412b4bba2efd06775153a:105410"]

[node name="Clavicle_R" type="Node3D" parent="Root/Hips/Spine_01/Spine_02/Spine_03"]
transform = Transform3D(0.0486079, -0.996564, -0.0670688, -0.467129, -0.0820339, 0.880376, -0.882852, -0.0114635, -0.469511, 5.80153, -4.19142, 7.44715)
metadata/ufile_ids = ["8cd752dc36d412b4bba2efd06775153a:403096", "8cd752dc36d412b4bba2efd06775153a:198226"]

[node name="Shoulder_R" type="Node3D" parent="Root/Hips/Spine_01/Spine_02/Spine_03/Clavicle_R"]
transform = Transform3D(0.885509, 0.0602784, -0.460696, -0.0710111, 0.997458, -0.00598189, 0.459164, 0.0380115, 0.887538, -13.1979, 0.000647339, 4.73534e-06)
metadata/ufile_ids = ["8cd752dc36d412b4bba2efd06775153a:416818", "8cd752dc36d412b4bba2efd06775153a:189046"]

[node name="Elbow_R" type="Node3D" parent="Root/Hips/Spine_01/Spine_02/Spine_03/Clavicle_R/Shoulder_R"]
transform = Transform3D(0.993276, -0.0825021, -0.081223, 0.0822276, 0.996591, -0.00672399, 0.0815009, -2.32831e-10, 0.996673, -33.9475, 0.144759, 0.143626)
metadata/ufile_ids = ["8cd752dc36d412b4bba2efd06775153a:441798", "8cd752dc36d412b4bba2efd06775153a:149994"]

[node name="Hand_R" type="Node3D" parent="Root/Hips/Spine_01/Spine_02/Spine_03/Clavicle_R/Shoulder_R/Elbow_R"]
transform = Transform3D(0.997432, -2.35026e-15, 0.0716155, 2.33581e-15, 1, 2.85541e-16, -0.0716155, -1.17528e-16, 0.997432, -27.1145, -2.84217e-14, 0.0381361)
metadata/ufile_ids = ["8cd752dc36d412b4bba2efd06775153a:456588", "8cd752dc36d412b4bba2efd06775153a:181380"]

[node name="Finger_01 1" type="Node3D" parent="Root/Hips/Spine_01/Spine_02/Spine_03/Clavicle_R/Shoulder_R/Elbow_R/Hand_R"]
transform = Transform3D(0.98976, 0.11253, 0.0878153, -0.112967, 0.993599, 0, -0.0872532, -0.0099202, 0.996137, -9.9825, 0.116, 3.28334)
metadata/ufile_ids = ["8cd752dc36d412b4bba2efd06775153a:467302", "8cd752dc36d412b4bba2efd06775153a:173416"]

[node name="Finger_02 1" type="Node3D" parent="Root/Hips/Spine_01/Spine_02/Spine_03/Clavicle_R/Shoulder_R/Elbow_R/Hand_R/Finger_01 1"]
transform = Transform3D(0.998335, 0.042418, -0.0390799, -0.0426236, 0.999081, -0.00444316, 0.0388555, 0.00610149, 0.999226, -4.24881, 2.65344e-05, -1.97899e-06)
metadata/ufile_ids = ["8cd752dc36d412b4bba2efd06775153a:450004", "8cd752dc36d412b4bba2efd06775153a:130470"]

[node name="Finger_03 1" type="Node3D" parent="Root/Hips/Spine_01/Spine_02/Spine_03/Clavicle_R/Shoulder_R/Elbow_R/Hand_R/Finger_01 1/Finger_02 1"]
transform = Transform3D(0.972665, 0.181128, 0.145312, -0.186317, 0.982225, 0.0228184, -0.138596, -0.0492687, 0.989123, -3.51332, -1.99785e-05, 1.48536e-06)
metadata/ufile_ids = ["8cd752dc36d412b4bba2efd06775153a:435116", "8cd752dc36d412b4bba2efd06775153a:165062"]

[node name="Finger_04 1" type="Node3D" parent="Root/Hips/Spine_01/Spine_02/Spine_03/Clavicle_R/Shoulder_R/Elbow_R/Hand_R/Finger_01 1/Finger_02 1/Finger_03 1"]
transform = Transform3D(0.924156, -0.33495, -0.183697, 0.328523, 0.942236, -0.0653013, 0.194958, 0, 0.980812, -3.00311, 0.000113347, 3.5911e-05)
metadata/ufile_ids = ["8cd752dc36d412b4bba2efd06775153a:493164", "8cd752dc36d412b4bba2efd06775153a:171116"]

[node name="IndexFinger_01 1" type="Node3D" parent="Root/Hips/Spine_01/Spine_02/Spine_03/Clavicle_R/Shoulder_R/Elbow_R/Hand_R"]
transform = Transform3D(0.991306, 0.00845244, -0.131305, -0.00852626, 0.999964, 0, 0.1313, 0.00111954, 0.991342, -10.3966, -0.399, -2.67265)
metadata/ufile_ids = ["8cd752dc36d412b4bba2efd06775153a:496766", "8cd752dc36d412b4bba2efd06775153a:110278"]

[node name="IndexFinger_02 1" type="Node3D" parent="Root/Hips/Spine_01/Spine_02/Spine_03/Clavicle_R/Shoulder_R/Elbow_R/Hand_R/IndexFinger_01 1"]
transform = Transform3D(0.980432, 0.19567, 0.0216048, -0.19572, 0.98066, 0.000184215, -0.021151, -0.00440911, 0.999767, -4.09359, 9.69869e-05, -4.95675e-06)
metadata/ufile_ids = ["8cd752dc36d412b4bba2efd06775153a:445986", "8cd752dc36d412b4bba2efd06775153a:121008"]

[node name="IndexFinger_03 1" type="Node3D" parent="Root/Hips/Spine_01/Spine_02/Spine_03/Clavicle_R/Shoulder_R/Elbow_R/Hand_R/IndexFinger_01 1/IndexFinger_02 1"]
transform = Transform3D(0.992179, 0.113423, 0.0521209, -0.114134, 0.993406, 0.0108651, -0.0505449, -0.0167289, 0.998582, -3.79121, 0.000324998, -4.54529e-06)
metadata/ufile_ids = ["8cd752dc36d412b4bba2efd06775153a:461422", "8cd752dc36d412b4bba2efd06775153a:110376"]

[node name="IndexFinger_04 1" type="Node3D" parent="Root/Hips/Spine_01/Spine_02/Spine_03/Clavicle_R/Shoulder_R/Elbow_R/Hand_R/IndexFinger_01 1/IndexFinger_02 1/IndexFinger_03 1"]
transform = Transform3D(0.947822, -0.314209, 0.0539051, 0.313702, 0.949354, 0.017841, -0.0567808, 9.31323e-10, 0.998387, -3.77933, -0.000526571, -1.55074e-05)
metadata/ufile_ids = ["8cd752dc36d412b4bba2efd06775153a:431418", "8cd752dc36d412b4bba2efd06775153a:138170"]

[node name="Thumb_01 1" type="Node3D" parent="Root/Hips/Spine_01/Spine_02/Spine_03/Clavicle_R/Shoulder_R/Elbow_R/Hand_R"]
transform = Transform3D(0.831214, 0.154317, -0.534106, -0.182534, 0.9832, 1.11759e-08, 0.525132, 0.0974924, 0.845418, -3.514, 1.171, -4.50554)
metadata/ufile_ids = ["8cd752dc36d412b4bba2efd06775153a:428138", "8cd752dc36d412b4bba2efd06775153a:121338"]

[node name="Thumb_02 1" type="Node3D" parent="Root/Hips/Spine_01/Spine_02/Spine_03/Clavicle_R/Shoulder_R/Elbow_R/Hand_R/Thumb_01 1"]
transform = Transform3D(0.932106, 0.268778, 0.242769, -0.287605, 0.956688, 0.0450708, -0.22014, -0.111832, 0.969037, -6.37015, -0.000781182, 4.36381e-05)
metadata/ufile_ids = ["8cd752dc36d412b4bba2efd06775153a:403222", "8cd752dc36d412b4bba2efd06775153a:144190"]

[node name="Thumb_03 1" type="Node3D" parent="Root/Hips/Spine_01/Spine_02/Spine_03/Clavicle_R/Shoulder_R/Elbow_R/Hand_R/Thumb_01 1/Thumb_02 1"]
transform = Transform3D(0.847975, -0.452915, 0.27533, 0.430776, 0.891554, 0.139869, -0.30882, 0, 0.951121, -5.66551, 9.8355e-06, -2.02795e-05)
metadata/ufile_ids = ["8cd752dc36d412b4bba2efd06775153a:408330", "8cd752dc36d412b4bba2efd06775153a:133994"]

[node name="Neck" type="Node3D" parent="Root/Hips/Spine_01/Spine_02/Spine_03"]
transform = Transform3D(0.996517, 0.083394, -2.61169e-15, -0.083394, 0.996517, -3.21126e-17, 2.59992e-15, 2.498e-16, 1, 11.189, -6.66134e-16, -4.62441e-15)
metadata/ufile_ids = ["8cd752dc36d412b4bba2efd06775153a:492250", "8cd752dc36d412b4bba2efd06775153a:185754"]

[node name="Head" type="Node3D" parent="Root/Hips/Spine_01/Spine_02/Spine_03/Neck"]
transform = Transform3D(0, 0.987303, 0.158851, 0, 0.158851, -0.987303, -1, 0, 0, 12.1644, -1.5099e-14, -5.05918e-15)
metadata/ufile_ids = ["8cd752dc36d412b4bba2efd06775153a:491140", "8cd752dc36d412b4bba2efd06775153a:138688"]

[node name="Eyebrows" type="Node3D" parent="Root/Hips/Spine_01/Spine_02/Spine_03/Neck/Head"]
transform = Transform3D(1, 0, 0, 0, 1, 0, 0, 0, 1, -2.52435e-29, 12.7669, 12.2722)
metadata/ufile_ids = ["8cd752dc36d412b4bba2efd06775153a:406312", "8cd752dc36d412b4bba2efd06775153a:168094"]

[node name="Eyes" type="Node3D" parent="Root/Hips/Spine_01/Spine_02/Spine_03/Neck/Head"]
transform = Transform3D(1, 0, 0, 0, 1, 0, 0, 0, 1, 2.05104e-29, 9.44761, 12.2722)
metadata/ufile_ids = ["8cd752dc36d412b4bba2efd06775153a:420282", "8cd752dc36d412b4bba2efd06775153a:162216"]

[node name="SM_Item_Goblin_Hair" type="Node3D" parent="Root/Hips/Spine_01/Spine_02/Spine_03/Neck/Head"]
transform = Transform3D(1, 1.11999e-14, -8.30618e-15, -1.11999e-14, 1, -3.13721e-13, 8.30618e-15, 3.13721e-13, 1, -0.482341, 18.4513, -11.6214)
visible = false
metadata/ufile_ids = ["8cd752dc36d412b4bba2efd06775153a:443742", "8cd752dc36d412b4bba2efd06775153a:191322", "8cd752dc36d412b4bba2efd06775153a:3390766", "8cd752dc36d412b4bba2efd06775153a:2341402"]

[node name="_mesh" type="MeshInstance3D" parent="Root/Hips/Spine_01/Spine_02/Spine_03/Neck/Head/SM_Item_Goblin_Hair"]
mesh = ExtResource("27_4vqsp")
surface_material_override/0 = ExtResource("2_qkpot")

[node name="SM_Item_Mask_01" type="Node3D" parent="Root/Hips/Spine_01/Spine_02/Spine_03/Neck/Head"]
transform = Transform3D(1, 1.11999e-14, -8.30618e-15, -1.11999e-14, 1, -3.13721e-13, 8.30618e-15, 3.13721e-13, 1, -1.26528e-12, -156.911, 0.483958)
visible = false
metadata/ufile_ids = ["8cd752dc36d412b4bba2efd06775153a:462010", "8cd752dc36d412b4bba2efd06775153a:127562", "8cd752dc36d412b4bba2efd06775153a:3325490", "8cd752dc36d412b4bba2efd06775153a:2388022"]

[node name="_mesh" type="MeshInstance3D" parent="Root/Hips/Spine_01/Spine_02/Spine_03/Neck/Head/SM_Item_Mask_01"]
mesh = ExtResource("28_lbdeb")
surface_material_override/0 = ExtResource("2_qkpot")

[node name="SM_Item_Mask_02" type="Node3D" parent="Root/Hips/Spine_01/Spine_02/Spine_03/Neck/Head"]
transform = Transform3D(1, 1.11999e-14, -8.30618e-15, -1.11999e-14, 1, -3.13721e-13, 8.30618e-15, 3.13721e-13, 1, -1.26528e-12, -156.911, 0.483958)
visible = false
metadata/ufile_ids = ["8cd752dc36d412b4bba2efd06775153a:467830", "8cd752dc36d412b4bba2efd06775153a:186226", "8cd752dc36d412b4bba2efd06775153a:3360086", "8cd752dc36d412b4bba2efd06775153a:2312024"]

[node name="_mesh" type="MeshInstance3D" parent="Root/Hips/Spine_01/Spine_02/Spine_03/Neck/Head/SM_Item_Mask_02"]
mesh = ExtResource("29_x3mlo")
surface_material_override/0 = ExtResource("2_qkpot")

[node name="UpperLeg_L" type="Node3D" parent="Root/Hips"]
transform = Transform3D(0.988277, -0.0313848, -0.149412, 0.149337, -0.00474262, 0.988775, -0.0317411, -0.999496, -1.19209e-07, -4.11578, -2.69208, 9.89671)
metadata/ufile_ids = ["8cd752dc36d412b4bba2efd06775153a:458254", "8cd752dc36d412b4bba2efd06775153a:182312"]

[node name="LowerLeg_L" type="Node3D" parent="Root/Hips/UpperLeg_L"]
transform = Transform3D(0.998758, -0.0387686, -0.031288, -0.0242844, 0.16951, -0.985229, 0.0434995, 0.984766, 0.168358, -39.9309, -3.80503e-05, 1.46549e-14)
metadata/ufile_ids = ["8cd752dc36d412b4bba2efd06775153a:445548", "8cd752dc36d412b4bba2efd06775153a:133426"]

[node name="Ankle_L" type="Node3D" parent="Root/Hips/UpperLeg_L/LowerLeg_L"]
transform = Transform3D(0.482309, -0.875969, 0.00742956, -0.864116, -0.474357, 0.168194, -0.143808, -0.0875415, -0.985726, -37.7123, 1.31695e-05, -8.41104e-05)
metadata/ufile_ids = ["8cd752dc36d412b4bba2efd06775153a:411542", "8cd752dc36d412b4bba2efd06775153a:136510"]

[node name="Ball_L" type="Node3D" parent="Root/Hips/UpperLeg_L/LowerLeg_L/Ankle_L"]
transform = Transform3D(0.854183, -0.519973, -7.5118e-15, 0.519973, 0.854183, -9.44708e-15, 1.13287e-14, 4.16361e-15, 1, -11.284, -1.68496e-06, -7.10543e-15)
metadata/ufile_ids = ["8cd752dc36d412b4bba2efd06775153a:427924", "8cd752dc36d412b4bba2efd06775153a:168510"]

[node name="Toes_L" type="Node3D" parent="Root/Hips/UpperLeg_L/LowerLeg_L/Ankle_L/Ball_L"]
transform = Transform3D(0, -7.74325e-13, 1, 0, 1, 7.74325e-13, -1, 0, 0, -7.29575, 2.66454e-15, 1.77636e-15)
metadata/ufile_ids = ["8cd752dc36d412b4bba2efd06775153a:451292", "8cd752dc36d412b4bba2efd06775153a:159108"]

[node name="UpperLeg_R" type="Node3D" parent="Root/Hips"]
transform = Transform3D(-0.988277, 0.0313848, 0.149412, -0.149337, 0.00474262, -0.988775, -0.0317411, -0.999496, 5.96046e-08, -4.11577, -2.69207, -9.89671)
metadata/ufile_ids = ["8cd752dc36d412b4bba2efd06775153a:413490", "8cd752dc36d412b4bba2efd06775153a:178466"]

[node name="LowerLeg_R" type="Node3D" parent="Root/Hips/UpperLeg_R"]
transform = Transform3D(0.998758, -0.0387686, -0.031288, -0.0242844, 0.16951, -0.985229, 0.0434995, 0.984766, 0.168358, 39.9309, -6.88338e-15, -5.33421e-15)
metadata/ufile_ids = ["8cd752dc36d412b4bba2efd06775153a:444476", "8cd752dc36d412b4bba2efd06775153a:140998"]

[node name="Ankle_R" type="Node3D" parent="Root/Hips/UpperLeg_R/LowerLeg_R"]
transform = Transform3D(0.482309, -0.875969, 0.00742956, -0.864116, -0.474357, 0.168194, -0.143808, -0.0875415, -0.985726, 37.7124, -7.77156e-15, 1.68199e-14)
metadata/ufile_ids = ["8cd752dc36d412b4bba2efd06775153a:495788", "8cd752dc36d412b4bba2efd06775153a:124548"]

[node name="Ball_R" type="Node3D" parent="Root/Hips/UpperLeg_R/LowerLeg_R/Ankle_R"]
transform = Transform3D(0.854183, -0.519973, -2.88558e-15, 0.519973, 0.854183, 7.86072e-16, 2.05608e-15, -2.17187e-15, 1, 11.284, -1.15463e-14, -2.11335e-15)
metadata/ufile_ids = ["8cd752dc36d412b4bba2efd06775153a:498760", "8cd752dc36d412b4bba2efd06775153a:148486"]

[node name="Toes_R" type="Node3D" parent="Root/Hips/UpperLeg_R/LowerLeg_R/Ankle_R/Ball_R"]
transform = Transform3D(0, 5.37782e-14, 1, 0, 1, -5.37782e-14, -1, 0, 0, 7.29576, 2.04009e-16, 3.40871e-16)
metadata/ufile_ids = ["8cd752dc36d412b4bba2efd06775153a:468994", "8cd752dc36d412b4bba2efd06775153a:128364"]
