[gd_scene load_steps=30 format=3 uid="uid://cy4dcqi4lc0of"]

[ext_resource type="ArrayMesh" path="res://assets/PolygonDungeon/Models/Characters_mesh/Character_Ghost_01_4300060.mesh" id="1_ywul2"]
[ext_resource type="Material" uid="uid://c3xg28fkmvve7" path="res://assets/PolygonDungeon/Materials/Dungeons_Material_Characters_01.tres" id="2_t5w21"]
[ext_resource type="ArrayMesh" uid="uid://dgbner6hu42k6" path="res://assets/PolygonDungeon/Models/Characters_mesh/Character_Ghost_02_4300050.mesh" id="3_dp416"]
[ext_resource type="ArrayMesh" path="res://assets/PolygonDungeon/Models/Characters_mesh/Character_Goblin_Female_4300046.mesh" id="4_lubuu"]
[ext_resource type="ArrayMesh" path="res://assets/PolygonDungeon/Models/Characters_mesh/Character_Goblin_Male_4300066.mesh" id="5_vnq1q"]
[ext_resource type="ArrayMesh" path="res://assets/PolygonDungeon/Models/Characters_mesh/Character_Goblin_Shaman_4300058.mesh" id="6_bxmky"]
[ext_resource type="ArrayMesh" path="res://assets/PolygonDungeon/Models/Characters_mesh/Character_Goblin_WarChief_4300072.mesh" id="7_5riji"]
[ext_resource type="ArrayMesh" path="res://assets/PolygonDungeon/Models/Characters_mesh/Character_Goblin_Warrior_Female_4300044.mesh" id="8_cfkwo"]
[ext_resource type="ArrayMesh" path="res://assets/PolygonDungeon/Models/Characters_mesh/Character_Goblin_Warrior_Male_4300052.mesh" id="9_ifrbw"]
[ext_resource type="ArrayMesh" path="res://assets/PolygonDungeon/Models/Characters_mesh/Character_Hero_Knight_Female_4300048.mesh" id="10_mn2ru"]
[ext_resource type="ArrayMesh" path="res://assets/PolygonDungeon/Models/Characters_mesh/Character_Hero_Knight_Male_4300068.mesh" id="11_j6p1n"]
[ext_resource type="ArrayMesh" path="res://assets/PolygonDungeon/Models/Characters_mesh/Character_Rock_Golem_4300056.mesh" id="12_hbbpg"]
[ext_resource type="ArrayMesh" path="res://assets/PolygonDungeon/Models/Characters_mesh/Character_Skeleton_Knight_4300054.mesh" id="13_77vur"]
[ext_resource type="ArrayMesh" path="res://assets/PolygonDungeon/Models/Characters_mesh/Character_Skeleton_Slave_01_4300070.mesh" id="14_ow6c8"]
[ext_resource type="ArrayMesh" path="res://assets/PolygonDungeon/Models/Characters_mesh/Character_Skeleton_Soldier_01_4300074.mesh" id="15_0xjpg"]
[ext_resource type="ArrayMesh" path="res://assets/PolygonDungeon/Models/Characters_mesh/Character_Skeleton_Soldier_02_4300064.mesh" id="16_4b1sx"]
[ext_resource type="ArrayMesh" path="res://assets/PolygonDungeon/Models/Characters_mesh/Character_Tormented_Soul_4300062.mesh" id="17_3vovs"]
[ext_resource type="ArrayMesh" path="res://assets/PolygonDungeon/Models/Characters_mesh/SM_Item_Bag_Large_4300042.mesh" id="18_kkjcy"]
[ext_resource type="ArrayMesh" path="res://assets/PolygonDungeon/Models/Characters_mesh/SM_Item_Bags_4300034.mesh" id="19_j7l2c"]
[ext_resource type="ArrayMesh" path="res://assets/PolygonDungeon/Models/Characters_mesh/SM_Item_Bones_4300040.mesh" id="20_8lu44"]
[ext_resource type="ArrayMesh" path="res://assets/PolygonDungeon/Models/Characters_mesh/SM_Item_Horn_4300038.mesh" id="21_4n0hw"]
[ext_resource type="ArrayMesh" path="res://assets/PolygonDungeon/Models/Characters_mesh/SM_Item_Shrooms_4300036.mesh" id="22_2vrau"]
[ext_resource type="ArrayMesh" path="res://assets/PolygonDungeon/Models/Characters_mesh/SM_Item_Shrunken_Head_4300032.mesh" id="23_5lgsg"]
[ext_resource type="ArrayMesh" path="res://assets/PolygonDungeon/Models/Characters_mesh/SM_Item_Goblin_WarBanner_4300014.mesh" id="24_dewd4"]
[ext_resource type="ArrayMesh" path="res://assets/PolygonDungeon/Models/Characters_mesh/SM_Item_Shield_4300018.mesh" id="25_xkjxl"]
[ext_resource type="ArrayMesh" path="res://assets/PolygonDungeon/Models/Characters_mesh/SM_Item_Sword_4300016.mesh" id="26_ys3ya"]
[ext_resource type="ArrayMesh" path="res://assets/PolygonDungeon/Models/Characters_mesh/SM_Item_Goblin_Hair_4300000.mesh" id="27_qwnfo"]
[ext_resource type="ArrayMesh" path="res://assets/PolygonDungeon/Models/Characters_mesh/SM_Item_Mask_01_4300002.mesh" id="28_mmypi"]
[ext_resource type="ArrayMesh" path="res://assets/PolygonDungeon/Models/Characters_mesh/SM_Item_Mask_02_4300004.mesh" id="29_renmn"]

[node name="Character_Goblin_Female" type="Node3D"]
metadata/ufile_ids = ["d48e97c38730e6d4a8a87d44d568bc50:474098", "d48e97c38730e6d4a8a87d44d568bc50:124030", "d48e97c38730e6d4a8a87d44d568bc50:9523638"]

[node name="Character_Ghost_01" type="Node3D" parent="."]
visible = false
metadata/ufile_ids = ["d48e97c38730e6d4a8a87d44d568bc50:427866", "d48e97c38730e6d4a8a87d44d568bc50:180866", "d48e97c38730e6d4a8a87d44d568bc50:13743788"]

[node name="_mesh" type="MeshInstance3D" parent="Character_Ghost_01"]
mesh = ExtResource("1_ywul2")
surface_material_override/0 = ExtResource("2_t5w21")

[node name="Character_Ghost_02" type="Node3D" parent="."]
visible = false
metadata/ufile_ids = ["d48e97c38730e6d4a8a87d44d568bc50:407868", "d48e97c38730e6d4a8a87d44d568bc50:168754", "d48e97c38730e6d4a8a87d44d568bc50:13748204"]

[node name="_mesh" type="MeshInstance3D" parent="Character_Ghost_02"]
mesh = ExtResource("3_dp416")
surface_material_override/0 = ExtResource("2_t5w21")

[node name="Character_Goblin_Female" type="Node3D" parent="."]
metadata/ufile_ids = ["d48e97c38730e6d4a8a87d44d568bc50:498834", "d48e97c38730e6d4a8a87d44d568bc50:121390", "d48e97c38730e6d4a8a87d44d568bc50:13796698"]

[node name="_mesh" type="MeshInstance3D" parent="Character_Goblin_Female"]
mesh = ExtResource("4_lubuu")
surface_material_override/0 = ExtResource("2_t5w21")

[node name="Character_Goblin_Male" type="Node3D" parent="."]
visible = false
metadata/ufile_ids = ["d48e97c38730e6d4a8a87d44d568bc50:453848", "d48e97c38730e6d4a8a87d44d568bc50:131754", "d48e97c38730e6d4a8a87d44d568bc50:13747228"]

[node name="_mesh" type="MeshInstance3D" parent="Character_Goblin_Male"]
mesh = ExtResource("5_vnq1q")
surface_material_override/0 = ExtResource("2_t5w21")

[node name="Character_Goblin_Shaman" type="Node3D" parent="."]
visible = false
metadata/ufile_ids = ["d48e97c38730e6d4a8a87d44d568bc50:414252", "d48e97c38730e6d4a8a87d44d568bc50:191066", "d48e97c38730e6d4a8a87d44d568bc50:13793374"]

[node name="_mesh" type="MeshInstance3D" parent="Character_Goblin_Shaman"]
mesh = ExtResource("6_bxmky")
surface_material_override/0 = ExtResource("2_t5w21")

[node name="Character_Goblin_WarChief" type="Node3D" parent="."]
visible = false
metadata/ufile_ids = ["d48e97c38730e6d4a8a87d44d568bc50:463960", "d48e97c38730e6d4a8a87d44d568bc50:174318", "d48e97c38730e6d4a8a87d44d568bc50:13730280"]

[node name="_mesh" type="MeshInstance3D" parent="Character_Goblin_WarChief"]
mesh = ExtResource("7_5riji")
surface_material_override/0 = ExtResource("2_t5w21")

[node name="Character_Goblin_Warrior_Female" type="Node3D" parent="."]
visible = false
metadata/ufile_ids = ["d48e97c38730e6d4a8a87d44d568bc50:441620", "d48e97c38730e6d4a8a87d44d568bc50:119066", "d48e97c38730e6d4a8a87d44d568bc50:13767298"]

[node name="_mesh" type="MeshInstance3D" parent="Character_Goblin_Warrior_Female"]
mesh = ExtResource("8_cfkwo")
surface_material_override/0 = ExtResource("2_t5w21")

[node name="Character_Goblin_Warrior_Male" type="Node3D" parent="."]
visible = false
metadata/ufile_ids = ["d48e97c38730e6d4a8a87d44d568bc50:411668", "d48e97c38730e6d4a8a87d44d568bc50:152018", "d48e97c38730e6d4a8a87d44d568bc50:13760954"]

[node name="_mesh" type="MeshInstance3D" parent="Character_Goblin_Warrior_Male"]
mesh = ExtResource("9_ifrbw")
surface_material_override/0 = ExtResource("2_t5w21")

[node name="Character_Hero_Knight_Female" type="Node3D" parent="."]
visible = false
metadata/ufile_ids = ["d48e97c38730e6d4a8a87d44d568bc50:470400", "d48e97c38730e6d4a8a87d44d568bc50:193526", "d48e97c38730e6d4a8a87d44d568bc50:13797632"]

[node name="_mesh" type="MeshInstance3D" parent="Character_Hero_Knight_Female"]
mesh = ExtResource("10_mn2ru")
surface_material_override/0 = ExtResource("2_t5w21")

[node name="Character_Hero_Knight_Male" type="Node3D" parent="."]
visible = false
metadata/ufile_ids = ["d48e97c38730e6d4a8a87d44d568bc50:445068", "d48e97c38730e6d4a8a87d44d568bc50:192116", "d48e97c38730e6d4a8a87d44d568bc50:13749412"]

[node name="_mesh" type="MeshInstance3D" parent="Character_Hero_Knight_Male"]
mesh = ExtResource("11_j6p1n")
surface_material_override/0 = ExtResource("2_t5w21")

[node name="Character_Rock_Golem" type="Node3D" parent="."]
visible = false
metadata/ufile_ids = ["d48e97c38730e6d4a8a87d44d568bc50:413912", "d48e97c38730e6d4a8a87d44d568bc50:157830", "d48e97c38730e6d4a8a87d44d568bc50:13710906"]

[node name="_mesh" type="MeshInstance3D" parent="Character_Rock_Golem"]
mesh = ExtResource("12_hbbpg")
surface_material_override/0 = ExtResource("2_t5w21")

[node name="Character_Skeleton_Knight" type="Node3D" parent="."]
visible = false
metadata/ufile_ids = ["d48e97c38730e6d4a8a87d44d568bc50:405792", "d48e97c38730e6d4a8a87d44d568bc50:143356", "d48e97c38730e6d4a8a87d44d568bc50:13787458"]

[node name="_mesh" type="MeshInstance3D" parent="Character_Skeleton_Knight"]
mesh = ExtResource("13_77vur")
surface_material_override/0 = ExtResource("2_t5w21")

[node name="Character_Skeleton_Slave_01" type="Node3D" parent="."]
visible = false
metadata/ufile_ids = ["d48e97c38730e6d4a8a87d44d568bc50:437200", "d48e97c38730e6d4a8a87d44d568bc50:144612", "d48e97c38730e6d4a8a87d44d568bc50:13764256"]

[node name="_mesh" type="MeshInstance3D" parent="Character_Skeleton_Slave_01"]
mesh = ExtResource("14_ow6c8")
surface_material_override/0 = ExtResource("2_t5w21")

[node name="Character_Skeleton_Soldier_01" type="Node3D" parent="."]
visible = false
metadata/ufile_ids = ["d48e97c38730e6d4a8a87d44d568bc50:401940", "d48e97c38730e6d4a8a87d44d568bc50:143132", "d48e97c38730e6d4a8a87d44d568bc50:13792166"]

[node name="_mesh" type="MeshInstance3D" parent="Character_Skeleton_Soldier_01"]
mesh = ExtResource("15_0xjpg")
surface_material_override/0 = ExtResource("2_t5w21")

[node name="Character_Skeleton_Soldier_02" type="Node3D" parent="."]
visible = false
metadata/ufile_ids = ["d48e97c38730e6d4a8a87d44d568bc50:496916", "d48e97c38730e6d4a8a87d44d568bc50:155980", "d48e97c38730e6d4a8a87d44d568bc50:13758556"]

[node name="_mesh" type="MeshInstance3D" parent="Character_Skeleton_Soldier_02"]
mesh = ExtResource("16_4b1sx")
surface_material_override/0 = ExtResource("2_t5w21")

[node name="Character_Tormented_Soul" type="Node3D" parent="."]
visible = false
metadata/ufile_ids = ["d48e97c38730e6d4a8a87d44d568bc50:405850", "d48e97c38730e6d4a8a87d44d568bc50:188854", "d48e97c38730e6d4a8a87d44d568bc50:13752764"]

[node name="_mesh" type="MeshInstance3D" parent="Character_Tormented_Soul"]
mesh = ExtResource("17_3vovs")
surface_material_override/0 = ExtResource("2_t5w21")

[node name="Root" type="Node3D" parent="."]
transform = Transform3D(0.01, 0, 0, 0, 0.01, 0, 0, 0, 0.01, 0, 0, 0)
metadata/ufile_ids = ["d48e97c38730e6d4a8a87d44d568bc50:401654", "d48e97c38730e6d4a8a87d44d568bc50:119736"]

[node name="Hips" type="Node3D" parent="Root"]
transform = Transform3D(0, 0, 1, 0.988775, 0.149412, 0, -0.149412, 0.988775, 0, 0, 87.6276, 0)
metadata/ufile_ids = ["d48e97c38730e6d4a8a87d44d568bc50:418026", "d48e97c38730e6d4a8a87d44d568bc50:122238"]

[node name="SM_Item_Bag_Large" type="Node3D" parent="Root/Hips"]
transform = Transform3D(0, 0.988775, -0.149412, 0, 0.149412, 0.988775, 1, 0, 0, 7.34898, 1.11049, -20.6229)
visible = false
metadata/ufile_ids = ["d48e97c38730e6d4a8a87d44d568bc50:496438", "d48e97c38730e6d4a8a87d44d568bc50:190542", "d48e97c38730e6d4a8a87d44d568bc50:3380114", "d48e97c38730e6d4a8a87d44d568bc50:2354490"]

[node name="_mesh" type="MeshInstance3D" parent="Root/Hips/SM_Item_Bag_Large"]
mesh = ExtResource("18_kkjcy")
surface_material_override/0 = ExtResource("2_t5w21")

[node name="SM_Item_Bags" type="Node3D" parent="Root/Hips"]
transform = Transform3D(0, 0.988775, -0.149412, 0, 0.149412, 0.988775, 1, 0, 0, 7.34898, 1.11049, -20.6229)
visible = false
metadata/ufile_ids = ["d48e97c38730e6d4a8a87d44d568bc50:451946", "d48e97c38730e6d4a8a87d44d568bc50:178770", "d48e97c38730e6d4a8a87d44d568bc50:3355448", "d48e97c38730e6d4a8a87d44d568bc50:2396174"]

[node name="_mesh" type="MeshInstance3D" parent="Root/Hips/SM_Item_Bags"]
mesh = ExtResource("19_j7l2c")
surface_material_override/0 = ExtResource("2_t5w21")

[node name="SM_Item_Bones" type="Node3D" parent="Root/Hips"]
transform = Transform3D(0, 0.988775, -0.149412, 0, 0.149412, 0.988775, 1, 0, 0, 7.5, 4.6, -16.9)
metadata/ufile_ids = ["d48e97c38730e6d4a8a87d44d568bc50:420876", "d48e97c38730e6d4a8a87d44d568bc50:173322", "d48e97c38730e6d4a8a87d44d568bc50:3308032", "d48e97c38730e6d4a8a87d44d568bc50:2355332"]

[node name="_mesh" type="MeshInstance3D" parent="Root/Hips/SM_Item_Bones"]
mesh = ExtResource("20_8lu44")
surface_material_override/0 = ExtResource("2_t5w21")

[node name="SM_Item_Horn" type="Node3D" parent="Root/Hips"]
transform = Transform3D(0, 0.988775, -0.149412, 0, 0.149412, 0.988775, 1, 0, 0, 7.95274, 1.20172, 16.5818)
visible = false
metadata/ufile_ids = ["d48e97c38730e6d4a8a87d44d568bc50:475392", "d48e97c38730e6d4a8a87d44d568bc50:188232", "d48e97c38730e6d4a8a87d44d568bc50:3392618", "d48e97c38730e6d4a8a87d44d568bc50:2330114"]

[node name="_mesh" type="MeshInstance3D" parent="Root/Hips/SM_Item_Horn"]
mesh = ExtResource("21_4n0hw")
surface_material_override/0 = ExtResource("2_t5w21")

[node name="SM_Item_Shrooms" type="Node3D" parent="Root/Hips"]
transform = Transform3D(0, 0.988775, -0.149412, 0, 0.149412, 0.988775, 1, 0, 0, 6.17986, 0.933827, 18.9238)
visible = false
metadata/ufile_ids = ["d48e97c38730e6d4a8a87d44d568bc50:428692", "d48e97c38730e6d4a8a87d44d568bc50:140750", "d48e97c38730e6d4a8a87d44d568bc50:3363584", "d48e97c38730e6d4a8a87d44d568bc50:2304302"]

[node name="_mesh" type="MeshInstance3D" parent="Root/Hips/SM_Item_Shrooms"]
mesh = ExtResource("22_2vrau")
surface_material_override/0 = ExtResource("2_t5w21")

[node name="SM_Item_Shrunken_Head" type="Node3D" parent="Root/Hips"]
transform = Transform3D(-0.122535, 0.939419, 0.32012, 0.991102, 0.0989298, 0.0890537, 0.0519893, 0.328184, -0.943182, 6.56217, -0.134331, -17.6248)
visible = false
metadata/ufile_ids = ["d48e97c38730e6d4a8a87d44d568bc50:453452", "d48e97c38730e6d4a8a87d44d568bc50:178674", "d48e97c38730e6d4a8a87d44d568bc50:3301656", "d48e97c38730e6d4a8a87d44d568bc50:2375116"]

[node name="_mesh" type="MeshInstance3D" parent="Root/Hips/SM_Item_Shrunken_Head"]
mesh = ExtResource("23_5lgsg")
surface_material_override/0 = ExtResource("2_t5w21")

[node name="Spine_01" type="Node3D" parent="Root/Hips"]
transform = Transform3D(0.980128, 0.198365, -2.61763e-15, 0.198365, -0.980128, -4.04826e-16, -2.64591e-15, -1.22465e-16, -1, 10.3933, 1.33227e-15, 4.61554e-15)
metadata/ufile_ids = ["d48e97c38730e6d4a8a87d44d568bc50:423220", "d48e97c38730e6d4a8a87d44d568bc50:150456"]

[node name="Spine_02" type="Node3D" parent="Root/Hips/Spine_01"]
transform = Transform3D(0.980791, 0.195062, 1.17781e-15, 0.195062, -0.980791, 3.59108e-16, 1.22523e-15, -1.22465e-16, -1, 18.1512, 1.55431e-15, -7.10107e-15)
metadata/ufile_ids = ["d48e97c38730e6d4a8a87d44d568bc50:498028", "d48e97c38730e6d4a8a87d44d568bc50:148560"]

[node name="SM_Item_Goblin_WarBanner" type="Node3D" parent="Root/Hips/Spine_01/Spine_02"]
transform = Transform3D(0, 0.989273, -0.14608, 0, 0.14608, 0.989273, 1, 0, 0, 10.0745, -13.7135, 3.42695e-13)
visible = false
metadata/ufile_ids = ["d48e97c38730e6d4a8a87d44d568bc50:418388", "d48e97c38730e6d4a8a87d44d568bc50:180392", "d48e97c38730e6d4a8a87d44d568bc50:3304568", "d48e97c38730e6d4a8a87d44d568bc50:2322334"]

[node name="_mesh" type="MeshInstance3D" parent="Root/Hips/Spine_01/Spine_02/SM_Item_Goblin_WarBanner"]
mesh = ExtResource("24_dewd4")
surface_material_override/0 = ExtResource("2_t5w21")

[node name="SM_Item_Shield" type="Node3D" parent="Root/Hips/Spine_01/Spine_02"]
transform = Transform3D(0, 0.989273, -0.14608, 0, 0.14608, 0.989273, 1, 0, 0, 19.4008, -9.59115, 4.07389e-13)
visible = false
metadata/ufile_ids = ["d48e97c38730e6d4a8a87d44d568bc50:439348", "d48e97c38730e6d4a8a87d44d568bc50:142682", "d48e97c38730e6d4a8a87d44d568bc50:3342628", "d48e97c38730e6d4a8a87d44d568bc50:2387956"]

[node name="_mesh" type="MeshInstance3D" parent="Root/Hips/Spine_01/Spine_02/SM_Item_Shield"]
mesh = ExtResource("25_xkjxl")
surface_material_override/0 = ExtResource("2_t5w21")

[node name="SM_Item_Sword" type="Node3D" parent="Root/Hips/Spine_01/Spine_02"]
transform = Transform3D(0, 0.989273, -0.14608, 0, 0.14608, 0.989273, 1, 0, 0, 16.9072, -12.0668, 3.97542e-13)
visible = false
metadata/ufile_ids = ["d48e97c38730e6d4a8a87d44d568bc50:419712", "d48e97c38730e6d4a8a87d44d568bc50:112224", "d48e97c38730e6d4a8a87d44d568bc50:3312804", "d48e97c38730e6d4a8a87d44d568bc50:2378406"]

[node name="_mesh" type="MeshInstance3D" parent="Root/Hips/Spine_01/Spine_02/SM_Item_Sword"]
mesh = ExtResource("26_ys3ya")
surface_material_override/0 = ExtResource("2_t5w21")

[node name="Spine_03" type="Node3D" parent="Root/Hips/Spine_01/Spine_02"]
transform = Transform3D(0.975318, 0.220805, 5.46841e-17, 0.220805, -0.975318, 1.37944e-16, 8.37932e-17, -1.22465e-16, -1, 17.9037, 2.22045e-15, 7.50973e-15)
metadata/ufile_ids = ["d48e97c38730e6d4a8a87d44d568bc50:406156", "d48e97c38730e6d4a8a87d44d568bc50:130144"]

[node name="Clavicle_L" type="Node3D" parent="Root/Hips/Spine_01/Spine_02/Spine_03"]
transform = Transform3D(-0.0486081, 0.996564, 0.0670689, 0.467129, 0.0820338, -0.880376, -0.882852, -0.0114634, -0.469511, 5.80117, -4.19145, -7.44715)
metadata/ufile_ids = ["d48e97c38730e6d4a8a87d44d568bc50:477814", "d48e97c38730e6d4a8a87d44d568bc50:121652"]

[node name="Shoulder_L" type="Node3D" parent="Root/Hips/Spine_01/Spine_02/Spine_03/Clavicle_L"]
transform = Transform3D(0.885509, 0.0602784, -0.460696, -0.0710111, 0.997458, -0.00598189, 0.459164, 0.0380115, 0.887538, 13.1979, -4.85723e-17, -2.66454e-15)
metadata/ufile_ids = ["d48e97c38730e6d4a8a87d44d568bc50:403898", "d48e97c38730e6d4a8a87d44d568bc50:197060"]

[node name="Elbow_L" type="Node3D" parent="Root/Hips/Spine_01/Spine_02/Spine_03/Clavicle_L/Shoulder_L"]
transform = Transform3D(0.993276, -0.0825021, -0.081223, 0.0822276, 0.996591, -0.00672399, 0.0815009, -2.32831e-10, 0.996673, 33.9474, -0.144907, -0.143626)
metadata/ufile_ids = ["d48e97c38730e6d4a8a87d44d568bc50:424430", "d48e97c38730e6d4a8a87d44d568bc50:175760"]

[node name="Hand_L" type="Node3D" parent="Root/Hips/Spine_01/Spine_02/Spine_03/Clavicle_L/Shoulder_L/Elbow_L"]
transform = Transform3D(0.997432, 3.33198e-15, 0.0716155, -3.33544e-15, 1, -7.12448e-17, -0.0716155, -1.67807e-16, 0.997432, 27.1145, 0, -0.0381364)
metadata/ufile_ids = ["d48e97c38730e6d4a8a87d44d568bc50:477274", "d48e97c38730e6d4a8a87d44d568bc50:157396"]

[node name="Finger_01" type="Node3D" parent="Root/Hips/Spine_01/Spine_02/Spine_03/Clavicle_L/Shoulder_L/Elbow_L/Hand_L"]
transform = Transform3D(0.98976, 0.11253, 0.0878153, -0.112967, 0.993599, 0, -0.0872532, -0.0099202, 0.996137, 9.98253, -0.115959, -3.28334)
metadata/ufile_ids = ["d48e97c38730e6d4a8a87d44d568bc50:495414", "d48e97c38730e6d4a8a87d44d568bc50:149832"]

[node name="Finger_02" type="Node3D" parent="Root/Hips/Spine_01/Spine_02/Spine_03/Clavicle_L/Shoulder_L/Elbow_L/Hand_L/Finger_01"]
transform = Transform3D(0.998335, 0.042418, -0.0390799, -0.0426236, 0.999081, -0.00444316, 0.0388555, 0.00610149, 0.999226, 4.24881, -1.05818e-15, -8.32667e-16)
metadata/ufile_ids = ["d48e97c38730e6d4a8a87d44d568bc50:424378", "d48e97c38730e6d4a8a87d44d568bc50:133110"]

[node name="Finger_03" type="Node3D" parent="Root/Hips/Spine_01/Spine_02/Spine_03/Clavicle_L/Shoulder_L/Elbow_L/Hand_L/Finger_01/Finger_02"]
transform = Transform3D(0.972665, 0.181128, 0.145312, -0.186317, 0.982225, 0.0228184, -0.138596, -0.0492687, 0.989123, 3.51333, -3.00324e-14, 3.77476e-15)
metadata/ufile_ids = ["d48e97c38730e6d4a8a87d44d568bc50:407352", "d48e97c38730e6d4a8a87d44d568bc50:111300"]

[node name="Finger_04" type="Node3D" parent="Root/Hips/Spine_01/Spine_02/Spine_03/Clavicle_L/Shoulder_L/Elbow_L/Hand_L/Finger_01/Finger_02/Finger_03"]
transform = Transform3D(0.924156, -0.33495, -0.183697, 0.328523, 0.942236, -0.0653013, 0.194958, 0, 0.980812, 3.00324, 2.12677e-14, -1.11022e-16)
metadata/ufile_ids = ["d48e97c38730e6d4a8a87d44d568bc50:457664", "d48e97c38730e6d4a8a87d44d568bc50:114452"]

[node name="IndexFinger_01" type="Node3D" parent="Root/Hips/Spine_01/Spine_02/Spine_03/Clavicle_L/Shoulder_L/Elbow_L/Hand_L"]
transform = Transform3D(0.991306, 0.00845244, -0.131305, -0.00852626, 0.999964, 0, 0.1313, 0.00111954, 0.991342, 10.3966, 0.398715, 2.67265)
metadata/ufile_ids = ["d48e97c38730e6d4a8a87d44d568bc50:493352", "d48e97c38730e6d4a8a87d44d568bc50:191394"]

[node name="IndexFinger_02" type="Node3D" parent="Root/Hips/Spine_01/Spine_02/Spine_03/Clavicle_L/Shoulder_L/Elbow_L/Hand_L/IndexFinger_01"]
transform = Transform3D(0.980432, 0.19567, 0.0216048, -0.19572, 0.98066, 0.000184215, -0.021151, -0.00440911, 0.999767, 4.09363, -1.52764e-16, 2.44249e-15)
metadata/ufile_ids = ["d48e97c38730e6d4a8a87d44d568bc50:490016", "d48e97c38730e6d4a8a87d44d568bc50:173208"]

[node name="IndexFinger_03" type="Node3D" parent="Root/Hips/Spine_01/Spine_02/Spine_03/Clavicle_L/Shoulder_L/Elbow_L/Hand_L/IndexFinger_01/IndexFinger_02"]
transform = Transform3D(0.992179, 0.113423, 0.0521209, -0.114134, 0.993406, 0.0108651, -0.0505449, -0.0167289, 0.998582, 3.79119, -2.1462e-14, -3.83027e-15)
metadata/ufile_ids = ["d48e97c38730e6d4a8a87d44d568bc50:441956", "d48e97c38730e6d4a8a87d44d568bc50:192090"]

[node name="IndexFinger_04" type="Node3D" parent="Root/Hips/Spine_01/Spine_02/Spine_03/Clavicle_L/Shoulder_L/Elbow_L/Hand_L/IndexFinger_01/IndexFinger_02/IndexFinger_03"]
transform = Transform3D(0.947822, -0.314209, 0.0539051, 0.313702, 0.949354, 0.017841, -0.0567808, 9.31323e-10, 0.998387, 3.77979, -1.92841e-14, -9.99201e-16)
metadata/ufile_ids = ["d48e97c38730e6d4a8a87d44d568bc50:435446", "d48e97c38730e6d4a8a87d44d568bc50:176744"]

[node name="Thumb_01" type="Node3D" parent="Root/Hips/Spine_01/Spine_02/Spine_03/Clavicle_L/Shoulder_L/Elbow_L/Hand_L"]
transform = Transform3D(0.831214, 0.154317, -0.534106, -0.182534, 0.9832, 1.11759e-08, 0.525132, 0.0974924, 0.845418, 3.51405, -1.17069, 4.50554)
metadata/ufile_ids = ["d48e97c38730e6d4a8a87d44d568bc50:401416", "d48e97c38730e6d4a8a87d44d568bc50:103804"]

[node name="Thumb_02" type="Node3D" parent="Root/Hips/Spine_01/Spine_02/Spine_03/Clavicle_L/Shoulder_L/Elbow_L/Hand_L/Thumb_01"]
transform = Transform3D(0.932106, 0.268778, 0.242769, -0.287605, 0.956688, 0.0450708, -0.22014, -0.111832, 0.969037, 6.37021, -6.10623e-16, 4.44089e-16)
metadata/ufile_ids = ["d48e97c38730e6d4a8a87d44d568bc50:426170", "d48e97c38730e6d4a8a87d44d568bc50:126850"]

[node name="Thumb_03" type="Node3D" parent="Root/Hips/Spine_01/Spine_02/Spine_03/Clavicle_L/Shoulder_L/Elbow_L/Hand_L/Thumb_01/Thumb_02"]
transform = Transform3D(0.847975, -0.452915, 0.27533, 0.430776, 0.891554, 0.139869, -0.30882, 0, 0.951121, 5.66557, 2.91156e-14, 3.9968e-15)
metadata/ufile_ids = ["d48e97c38730e6d4a8a87d44d568bc50:476906", "d48e97c38730e6d4a8a87d44d568bc50:191554"]

[node name="Clavicle_R" type="Node3D" parent="Root/Hips/Spine_01/Spine_02/Spine_03"]
transform = Transform3D(0.0486079, -0.996564, -0.0670688, -0.467129, -0.0820339, 0.880376, -0.882852, -0.0114635, -0.469511, 5.80153, -4.19142, 7.44715)
metadata/ufile_ids = ["d48e97c38730e6d4a8a87d44d568bc50:419012", "d48e97c38730e6d4a8a87d44d568bc50:110496"]

[node name="Shoulder_R" type="Node3D" parent="Root/Hips/Spine_01/Spine_02/Spine_03/Clavicle_R"]
transform = Transform3D(0.885509, 0.0602784, -0.460696, -0.0710111, 0.997458, -0.00598189, 0.459164, 0.0380115, 0.887538, -13.1979, 0.000647339, 4.73534e-06)
metadata/ufile_ids = ["d48e97c38730e6d4a8a87d44d568bc50:410712", "d48e97c38730e6d4a8a87d44d568bc50:162916"]

[node name="Elbow_R" type="Node3D" parent="Root/Hips/Spine_01/Spine_02/Spine_03/Clavicle_R/Shoulder_R"]
transform = Transform3D(0.993276, -0.0825021, -0.081223, 0.0822276, 0.996591, -0.00672399, 0.0815009, -2.32831e-10, 0.996673, -33.9475, 0.144759, 0.143626)
metadata/ufile_ids = ["d48e97c38730e6d4a8a87d44d568bc50:404540", "d48e97c38730e6d4a8a87d44d568bc50:119940"]

[node name="Hand_R" type="Node3D" parent="Root/Hips/Spine_01/Spine_02/Spine_03/Clavicle_R/Shoulder_R/Elbow_R"]
transform = Transform3D(0.997432, -2.35026e-15, 0.0716155, 2.33581e-15, 1, 2.85541e-16, -0.0716155, -1.17528e-16, 0.997432, -27.1145, -2.84217e-14, 0.0381361)
metadata/ufile_ids = ["d48e97c38730e6d4a8a87d44d568bc50:485660", "d48e97c38730e6d4a8a87d44d568bc50:122808"]

[node name="Finger_01 1" type="Node3D" parent="Root/Hips/Spine_01/Spine_02/Spine_03/Clavicle_R/Shoulder_R/Elbow_R/Hand_R"]
transform = Transform3D(0.98976, 0.11253, 0.0878153, -0.112967, 0.993599, 0, -0.0872532, -0.0099202, 0.996137, -9.9825, 0.116, 3.28334)
metadata/ufile_ids = ["d48e97c38730e6d4a8a87d44d568bc50:442378", "d48e97c38730e6d4a8a87d44d568bc50:127172"]

[node name="Finger_02 1" type="Node3D" parent="Root/Hips/Spine_01/Spine_02/Spine_03/Clavicle_R/Shoulder_R/Elbow_R/Hand_R/Finger_01 1"]
transform = Transform3D(0.998335, 0.042418, -0.0390799, -0.0426236, 0.999081, -0.00444316, 0.0388555, 0.00610149, 0.999226, -4.24881, 2.65344e-05, -1.97899e-06)
metadata/ufile_ids = ["d48e97c38730e6d4a8a87d44d568bc50:480292", "d48e97c38730e6d4a8a87d44d568bc50:161474"]

[node name="Finger_03 1" type="Node3D" parent="Root/Hips/Spine_01/Spine_02/Spine_03/Clavicle_R/Shoulder_R/Elbow_R/Hand_R/Finger_01 1/Finger_02 1"]
transform = Transform3D(0.972665, 0.181128, 0.145312, -0.186317, 0.982225, 0.0228184, -0.138596, -0.0492687, 0.989123, -3.51332, -1.99785e-05, 1.48536e-06)
metadata/ufile_ids = ["d48e97c38730e6d4a8a87d44d568bc50:462704", "d48e97c38730e6d4a8a87d44d568bc50:103102"]

[node name="Finger_04 1" type="Node3D" parent="Root/Hips/Spine_01/Spine_02/Spine_03/Clavicle_R/Shoulder_R/Elbow_R/Hand_R/Finger_01 1/Finger_02 1/Finger_03 1"]
transform = Transform3D(0.924156, -0.33495, -0.183697, 0.328523, 0.942236, -0.0653013, 0.194958, 0, 0.980812, -3.00311, 0.000113347, 3.5911e-05)
metadata/ufile_ids = ["d48e97c38730e6d4a8a87d44d568bc50:440838", "d48e97c38730e6d4a8a87d44d568bc50:130668"]

[node name="IndexFinger_01 1" type="Node3D" parent="Root/Hips/Spine_01/Spine_02/Spine_03/Clavicle_R/Shoulder_R/Elbow_R/Hand_R"]
transform = Transform3D(0.991306, 0.00845244, -0.131305, -0.00852626, 0.999964, 0, 0.1313, 0.00111954, 0.991342, -10.3966, -0.399, -2.67265)
metadata/ufile_ids = ["d48e97c38730e6d4a8a87d44d568bc50:427704", "d48e97c38730e6d4a8a87d44d568bc50:158628"]

[node name="IndexFinger_02 1" type="Node3D" parent="Root/Hips/Spine_01/Spine_02/Spine_03/Clavicle_R/Shoulder_R/Elbow_R/Hand_R/IndexFinger_01 1"]
transform = Transform3D(0.980432, 0.19567, 0.0216048, -0.19572, 0.98066, 0.000184215, -0.021151, -0.00440911, 0.999767, -4.09359, 9.69869e-05, -4.95675e-06)
metadata/ufile_ids = ["d48e97c38730e6d4a8a87d44d568bc50:436906", "d48e97c38730e6d4a8a87d44d568bc50:157082"]

[node name="IndexFinger_03 1" type="Node3D" parent="Root/Hips/Spine_01/Spine_02/Spine_03/Clavicle_R/Shoulder_R/Elbow_R/Hand_R/IndexFinger_01 1/IndexFinger_02 1"]
transform = Transform3D(0.992179, 0.113423, 0.0521209, -0.114134, 0.993406, 0.0108651, -0.0505449, -0.0167289, 0.998582, -3.79121, 0.000324998, -4.54529e-06)
metadata/ufile_ids = ["d48e97c38730e6d4a8a87d44d568bc50:461914", "d48e97c38730e6d4a8a87d44d568bc50:109434"]

[node name="IndexFinger_04 1" type="Node3D" parent="Root/Hips/Spine_01/Spine_02/Spine_03/Clavicle_R/Shoulder_R/Elbow_R/Hand_R/IndexFinger_01 1/IndexFinger_02 1/IndexFinger_03 1"]
transform = Transform3D(0.947822, -0.314209, 0.0539051, 0.313702, 0.949354, 0.017841, -0.0567808, 9.31323e-10, 0.998387, -3.77933, -0.000526571, -1.55074e-05)
metadata/ufile_ids = ["d48e97c38730e6d4a8a87d44d568bc50:420842", "d48e97c38730e6d4a8a87d44d568bc50:179906"]

[node name="Thumb_01 1" type="Node3D" parent="Root/Hips/Spine_01/Spine_02/Spine_03/Clavicle_R/Shoulder_R/Elbow_R/Hand_R"]
transform = Transform3D(0.831214, 0.154317, -0.534106, -0.182534, 0.9832, 1.11759e-08, 0.525132, 0.0974924, 0.845418, -3.514, 1.171, -4.50554)
metadata/ufile_ids = ["d48e97c38730e6d4a8a87d44d568bc50:458344", "d48e97c38730e6d4a8a87d44d568bc50:149174"]

[node name="Thumb_02 1" type="Node3D" parent="Root/Hips/Spine_01/Spine_02/Spine_03/Clavicle_R/Shoulder_R/Elbow_R/Hand_R/Thumb_01 1"]
transform = Transform3D(0.932106, 0.268778, 0.242769, -0.287605, 0.956688, 0.0450708, -0.22014, -0.111832, 0.969037, -6.37015, -0.000781182, 4.36381e-05)
metadata/ufile_ids = ["d48e97c38730e6d4a8a87d44d568bc50:486464", "d48e97c38730e6d4a8a87d44d568bc50:186342"]

[node name="Thumb_03 1" type="Node3D" parent="Root/Hips/Spine_01/Spine_02/Spine_03/Clavicle_R/Shoulder_R/Elbow_R/Hand_R/Thumb_01 1/Thumb_02 1"]
transform = Transform3D(0.847975, -0.452915, 0.27533, 0.430776, 0.891554, 0.139869, -0.30882, 0, 0.951121, -5.66551, 9.8355e-06, -2.02795e-05)
metadata/ufile_ids = ["d48e97c38730e6d4a8a87d44d568bc50:470058", "d48e97c38730e6d4a8a87d44d568bc50:184754"]

[node name="Neck" type="Node3D" parent="Root/Hips/Spine_01/Spine_02/Spine_03"]
transform = Transform3D(0.996517, 0.083394, -2.61169e-15, -0.083394, 0.996517, -3.21126e-17, 2.59992e-15, 2.498e-16, 1, 11.189, -6.66134e-16, -4.62441e-15)
metadata/ufile_ids = ["d48e97c38730e6d4a8a87d44d568bc50:423642", "d48e97c38730e6d4a8a87d44d568bc50:159110"]

[node name="Head" type="Node3D" parent="Root/Hips/Spine_01/Spine_02/Spine_03/Neck"]
transform = Transform3D(0, 0.987303, 0.158851, 0, 0.158851, -0.987303, -1, 0, 0, 12.1644, -1.5099e-14, -5.05918e-15)
metadata/ufile_ids = ["d48e97c38730e6d4a8a87d44d568bc50:471802", "d48e97c38730e6d4a8a87d44d568bc50:109100"]

[node name="Eyebrows" type="Node3D" parent="Root/Hips/Spine_01/Spine_02/Spine_03/Neck/Head"]
transform = Transform3D(1, 0, 0, 0, 1, 0, 0, 0, 1, -2.52435e-29, 12.7669, 12.2722)
metadata/ufile_ids = ["d48e97c38730e6d4a8a87d44d568bc50:499782", "d48e97c38730e6d4a8a87d44d568bc50:146252"]

[node name="Eyes" type="Node3D" parent="Root/Hips/Spine_01/Spine_02/Spine_03/Neck/Head"]
transform = Transform3D(1, 0, 0, 0, 1, 0, 0, 0, 1, 2.05104e-29, 9.44761, 12.2722)
metadata/ufile_ids = ["d48e97c38730e6d4a8a87d44d568bc50:416020", "d48e97c38730e6d4a8a87d44d568bc50:179584"]

[node name="SM_Item_Goblin_Hair" type="Node3D" parent="Root/Hips/Spine_01/Spine_02/Spine_03/Neck/Head"]
transform = Transform3D(1, 1.11999e-14, -8.30618e-15, -1.11999e-14, 1, -3.13721e-13, 8.30618e-15, 3.13721e-13, 1, -0.482341, 18.4513, -11.6214)
visible = false
metadata/ufile_ids = ["d48e97c38730e6d4a8a87d44d568bc50:485820", "d48e97c38730e6d4a8a87d44d568bc50:130912", "d48e97c38730e6d4a8a87d44d568bc50:3316216", "d48e97c38730e6d4a8a87d44d568bc50:2399188"]

[node name="_mesh" type="MeshInstance3D" parent="Root/Hips/Spine_01/Spine_02/Spine_03/Neck/Head/SM_Item_Goblin_Hair"]
mesh = ExtResource("27_qwnfo")
surface_material_override/0 = ExtResource("2_t5w21")

[node name="SM_Item_Mask_01" type="Node3D" parent="Root/Hips/Spine_01/Spine_02/Spine_03/Neck/Head"]
transform = Transform3D(1, 1.11999e-14, -8.30618e-15, -1.11999e-14, 1, -3.13721e-13, 8.30618e-15, 3.13721e-13, 1, -1.26528e-12, -156.911, 0.483958)
visible = false
metadata/ufile_ids = ["d48e97c38730e6d4a8a87d44d568bc50:474624", "d48e97c38730e6d4a8a87d44d568bc50:102968", "d48e97c38730e6d4a8a87d44d568bc50:3340068", "d48e97c38730e6d4a8a87d44d568bc50:2375200"]

[node name="_mesh" type="MeshInstance3D" parent="Root/Hips/Spine_01/Spine_02/Spine_03/Neck/Head/SM_Item_Mask_01"]
mesh = ExtResource("28_mmypi")
surface_material_override/0 = ExtResource("2_t5w21")

[node name="SM_Item_Mask_02" type="Node3D" parent="Root/Hips/Spine_01/Spine_02/Spine_03/Neck/Head"]
transform = Transform3D(1, 1.11999e-14, -8.30618e-15, -1.11999e-14, 1, -3.13721e-13, 8.30618e-15, 3.13721e-13, 1, -1.26528e-12, -156.911, 0.483958)
visible = false
metadata/ufile_ids = ["d48e97c38730e6d4a8a87d44d568bc50:452488", "d48e97c38730e6d4a8a87d44d568bc50:103274", "d48e97c38730e6d4a8a87d44d568bc50:3382598", "d48e97c38730e6d4a8a87d44d568bc50:2318830"]

[node name="_mesh" type="MeshInstance3D" parent="Root/Hips/Spine_01/Spine_02/Spine_03/Neck/Head/SM_Item_Mask_02"]
mesh = ExtResource("29_renmn")
surface_material_override/0 = ExtResource("2_t5w21")

[node name="UpperLeg_L" type="Node3D" parent="Root/Hips"]
transform = Transform3D(0.988277, -0.0313848, -0.149412, 0.149337, -0.00474262, 0.988775, -0.0317411, -0.999496, -1.19209e-07, -4.11578, -2.69208, 9.89671)
metadata/ufile_ids = ["d48e97c38730e6d4a8a87d44d568bc50:496268", "d48e97c38730e6d4a8a87d44d568bc50:153278"]

[node name="LowerLeg_L" type="Node3D" parent="Root/Hips/UpperLeg_L"]
transform = Transform3D(0.998758, -0.0387686, -0.031288, -0.0242844, 0.16951, -0.985229, 0.0434995, 0.984766, 0.168358, -39.9309, -3.80503e-05, 1.46549e-14)
metadata/ufile_ids = ["d48e97c38730e6d4a8a87d44d568bc50:427984", "d48e97c38730e6d4a8a87d44d568bc50:142922"]

[node name="Ankle_L" type="Node3D" parent="Root/Hips/UpperLeg_L/LowerLeg_L"]
transform = Transform3D(0.482309, -0.875969, 0.00742956, -0.864116, -0.474357, 0.168194, -0.143808, -0.0875415, -0.985726, -37.7123, 1.31695e-05, -8.41104e-05)
metadata/ufile_ids = ["d48e97c38730e6d4a8a87d44d568bc50:499124", "d48e97c38730e6d4a8a87d44d568bc50:167514"]

[node name="Ball_L" type="Node3D" parent="Root/Hips/UpperLeg_L/LowerLeg_L/Ankle_L"]
transform = Transform3D(0.854183, -0.519973, -7.5118e-15, 0.519973, 0.854183, -9.44708e-15, 1.13287e-14, 4.16361e-15, 1, -11.284, -1.68496e-06, -7.10543e-15)
metadata/ufile_ids = ["d48e97c38730e6d4a8a87d44d568bc50:442944", "d48e97c38730e6d4a8a87d44d568bc50:141454"]

[node name="Toes_L" type="Node3D" parent="Root/Hips/UpperLeg_L/LowerLeg_L/Ankle_L/Ball_L"]
transform = Transform3D(0, -7.74325e-13, 1, 0, 1, 7.74325e-13, -1, 0, 0, -7.29575, 2.66454e-15, 1.77636e-15)
metadata/ufile_ids = ["d48e97c38730e6d4a8a87d44d568bc50:430326", "d48e97c38730e6d4a8a87d44d568bc50:112886"]

[node name="UpperLeg_R" type="Node3D" parent="Root/Hips"]
transform = Transform3D(-0.988277, 0.0313848, 0.149412, -0.149337, 0.00474262, -0.988775, -0.0317411, -0.999496, 5.96046e-08, -4.11577, -2.69207, -9.89671)
metadata/ufile_ids = ["d48e97c38730e6d4a8a87d44d568bc50:489248", "d48e97c38730e6d4a8a87d44d568bc50:157254"]

[node name="LowerLeg_R" type="Node3D" parent="Root/Hips/UpperLeg_R"]
transform = Transform3D(0.998758, -0.0387686, -0.031288, -0.0242844, 0.16951, -0.985229, 0.0434995, 0.984766, 0.168358, 39.9309, -6.88338e-15, -5.33421e-15)
metadata/ufile_ids = ["d48e97c38730e6d4a8a87d44d568bc50:423622", "d48e97c38730e6d4a8a87d44d568bc50:172570"]

[node name="Ankle_R" type="Node3D" parent="Root/Hips/UpperLeg_R/LowerLeg_R"]
transform = Transform3D(0.482309, -0.875969, 0.00742956, -0.864116, -0.474357, 0.168194, -0.143808, -0.0875415, -0.985726, 37.7124, -7.77156e-15, 1.68199e-14)
metadata/ufile_ids = ["d48e97c38730e6d4a8a87d44d568bc50:484822", "d48e97c38730e6d4a8a87d44d568bc50:174466"]

[node name="Ball_R" type="Node3D" parent="Root/Hips/UpperLeg_R/LowerLeg_R/Ankle_R"]
transform = Transform3D(0.854183, -0.519973, -2.88558e-15, 0.519973, 0.854183, 7.86072e-16, 2.05608e-15, -2.17187e-15, 1, 11.284, -1.15463e-14, -2.11335e-15)
metadata/ufile_ids = ["d48e97c38730e6d4a8a87d44d568bc50:430898", "d48e97c38730e6d4a8a87d44d568bc50:186950"]

[node name="Toes_R" type="Node3D" parent="Root/Hips/UpperLeg_R/LowerLeg_R/Ankle_R/Ball_R"]
transform = Transform3D(0, 5.37782e-14, 1, 0, 1, -5.37782e-14, -1, 0, 0, 7.29576, 2.04009e-16, 3.40871e-16)
metadata/ufile_ids = ["d48e97c38730e6d4a8a87d44d568bc50:485642", "d48e97c38730e6d4a8a87d44d568bc50:181476"]
