[gd_scene load_steps=30 format=3 uid="uid://dxmab7seyvtbb"]

[ext_resource type="ArrayMesh" path="res://assets/PolygonDungeon/Models/Characters_mesh/Character_Ghost_01_4300060.mesh" id="1_7x2cq"]
[ext_resource type="Material" path="res://assets/PolygonDungeon/Materials/Dungeons_Material_Characters_01.tres" id="2_0pjbl"]
[ext_resource type="ArrayMesh" uid="uid://dgbner6hu42k6" path="res://assets/PolygonDungeon/Models/Characters_mesh/Character_Ghost_02_4300050.mesh" id="3_pniut"]
[ext_resource type="ArrayMesh" path="res://assets/PolygonDungeon/Models/Characters_mesh/Character_Goblin_Female_4300046.mesh" id="4_7x771"]
[ext_resource type="ArrayMesh" path="res://assets/PolygonDungeon/Models/Characters_mesh/Character_Goblin_Male_4300066.mesh" id="5_o2hm8"]
[ext_resource type="ArrayMesh" path="res://assets/PolygonDungeon/Models/Characters_mesh/Character_Goblin_Shaman_4300058.mesh" id="6_g4tk7"]
[ext_resource type="ArrayMesh" path="res://assets/PolygonDungeon/Models/Characters_mesh/Character_Goblin_WarChief_4300072.mesh" id="7_bcxvd"]
[ext_resource type="ArrayMesh" path="res://assets/PolygonDungeon/Models/Characters_mesh/Character_Goblin_Warrior_Female_4300044.mesh" id="8_k6cc1"]
[ext_resource type="ArrayMesh" path="res://assets/PolygonDungeon/Models/Characters_mesh/Character_Goblin_Warrior_Male_4300052.mesh" id="9_g5sh2"]
[ext_resource type="ArrayMesh" path="res://assets/PolygonDungeon/Models/Characters_mesh/Character_Hero_Knight_Female_4300048.mesh" id="10_718oi"]
[ext_resource type="ArrayMesh" path="res://assets/PolygonDungeon/Models/Characters_mesh/Character_Hero_Knight_Male_4300068.mesh" id="11_iqb0r"]
[ext_resource type="ArrayMesh" path="res://assets/PolygonDungeon/Models/Characters_mesh/Character_Rock_Golem_4300056.mesh" id="12_q07pv"]
[ext_resource type="ArrayMesh" path="res://assets/PolygonDungeon/Models/Characters_mesh/Character_Skeleton_Knight_4300054.mesh" id="13_v5xhi"]
[ext_resource type="ArrayMesh" path="res://assets/PolygonDungeon/Models/Characters_mesh/Character_Skeleton_Slave_01_4300070.mesh" id="14_tv4wk"]
[ext_resource type="ArrayMesh" path="res://assets/PolygonDungeon/Models/Characters_mesh/Character_Skeleton_Soldier_01_4300074.mesh" id="15_hwyk5"]
[ext_resource type="ArrayMesh" path="res://assets/PolygonDungeon/Models/Characters_mesh/Character_Skeleton_Soldier_02_4300064.mesh" id="16_mgk12"]
[ext_resource type="ArrayMesh" path="res://assets/PolygonDungeon/Models/Characters_mesh/Character_Tormented_Soul_4300062.mesh" id="17_qh5ot"]
[ext_resource type="ArrayMesh" path="res://assets/PolygonDungeon/Models/Characters_mesh/SM_Item_Bag_Large_4300042.mesh" id="18_k5u22"]
[ext_resource type="ArrayMesh" path="res://assets/PolygonDungeon/Models/Characters_mesh/SM_Item_Bags_4300034.mesh" id="19_11xay"]
[ext_resource type="ArrayMesh" path="res://assets/PolygonDungeon/Models/Characters_mesh/SM_Item_Bones_4300040.mesh" id="20_2tf6x"]
[ext_resource type="ArrayMesh" path="res://assets/PolygonDungeon/Models/Characters_mesh/SM_Item_Horn_4300038.mesh" id="21_cv6pn"]
[ext_resource type="ArrayMesh" path="res://assets/PolygonDungeon/Models/Characters_mesh/SM_Item_Shrooms_4300036.mesh" id="22_eh2s6"]
[ext_resource type="ArrayMesh" path="res://assets/PolygonDungeon/Models/Characters_mesh/SM_Item_Shrunken_Head_4300032.mesh" id="23_0agcg"]
[ext_resource type="ArrayMesh" path="res://assets/PolygonDungeon/Models/Characters_mesh/SM_Item_Goblin_WarBanner_4300014.mesh" id="24_yq7xy"]
[ext_resource type="ArrayMesh" path="res://assets/PolygonDungeon/Models/Characters_mesh/SM_Item_Shield_4300018.mesh" id="25_nbls1"]
[ext_resource type="ArrayMesh" path="res://assets/PolygonDungeon/Models/Characters_mesh/SM_Item_Sword_4300016.mesh" id="26_0268p"]
[ext_resource type="ArrayMesh" path="res://assets/PolygonDungeon/Models/Characters_mesh/SM_Item_Goblin_Hair_4300000.mesh" id="27_qj28l"]
[ext_resource type="ArrayMesh" path="res://assets/PolygonDungeon/Models/Characters_mesh/SM_Item_Mask_01_4300002.mesh" id="28_4h0t5"]
[ext_resource type="ArrayMesh" path="res://assets/PolygonDungeon/Models/Characters_mesh/SM_Item_Mask_02_4300004.mesh" id="29_ejr2e"]

[node name="Character_Goblin_Shaman" type="Node3D"]
metadata/ufile_ids = ["70ad07d06832dba42a3bb244ab822fd1:410742", "70ad07d06832dba42a3bb244ab822fd1:194332", "70ad07d06832dba42a3bb244ab822fd1:9585324"]

[node name="Character_Ghost_01" type="Node3D" parent="."]
visible = false
metadata/ufile_ids = ["70ad07d06832dba42a3bb244ab822fd1:451454", "70ad07d06832dba42a3bb244ab822fd1:101316", "70ad07d06832dba42a3bb244ab822fd1:13771526"]

[node name="_mesh" type="MeshInstance3D" parent="Character_Ghost_01"]
mesh = ExtResource("1_7x2cq")
surface_material_override/0 = ExtResource("2_0pjbl")

[node name="Character_Ghost_02" type="Node3D" parent="."]
visible = false
metadata/ufile_ids = ["70ad07d06832dba42a3bb244ab822fd1:445858", "70ad07d06832dba42a3bb244ab822fd1:154976", "70ad07d06832dba42a3bb244ab822fd1:13747562"]

[node name="_mesh" type="MeshInstance3D" parent="Character_Ghost_02"]
mesh = ExtResource("3_pniut")
surface_material_override/0 = ExtResource("2_0pjbl")

[node name="Character_Goblin_Female" type="Node3D" parent="."]
visible = false
metadata/ufile_ids = ["70ad07d06832dba42a3bb244ab822fd1:480186", "70ad07d06832dba42a3bb244ab822fd1:183806", "70ad07d06832dba42a3bb244ab822fd1:13703496"]

[node name="_mesh" type="MeshInstance3D" parent="Character_Goblin_Female"]
mesh = ExtResource("4_7x771")
surface_material_override/0 = ExtResource("2_0pjbl")

[node name="Character_Goblin_Male" type="Node3D" parent="."]
visible = false
metadata/ufile_ids = ["70ad07d06832dba42a3bb244ab822fd1:416310", "70ad07d06832dba42a3bb244ab822fd1:163014", "70ad07d06832dba42a3bb244ab822fd1:13765160"]

[node name="_mesh" type="MeshInstance3D" parent="Character_Goblin_Male"]
mesh = ExtResource("5_o2hm8")
surface_material_override/0 = ExtResource("2_0pjbl")

[node name="Character_Goblin_Shaman" type="Node3D" parent="."]
metadata/ufile_ids = ["70ad07d06832dba42a3bb244ab822fd1:458616", "70ad07d06832dba42a3bb244ab822fd1:175890", "70ad07d06832dba42a3bb244ab822fd1:13703932"]

[node name="_mesh" type="MeshInstance3D" parent="Character_Goblin_Shaman"]
mesh = ExtResource("6_g4tk7")
surface_material_override/0 = ExtResource("2_0pjbl")

[node name="Character_Goblin_WarChief" type="Node3D" parent="."]
visible = false
metadata/ufile_ids = ["70ad07d06832dba42a3bb244ab822fd1:488434", "70ad07d06832dba42a3bb244ab822fd1:128536", "70ad07d06832dba42a3bb244ab822fd1:13796404"]

[node name="_mesh" type="MeshInstance3D" parent="Character_Goblin_WarChief"]
mesh = ExtResource("7_bcxvd")
surface_material_override/0 = ExtResource("2_0pjbl")

[node name="Character_Goblin_Warrior_Female" type="Node3D" parent="."]
visible = false
metadata/ufile_ids = ["70ad07d06832dba42a3bb244ab822fd1:456934", "70ad07d06832dba42a3bb244ab822fd1:193750", "70ad07d06832dba42a3bb244ab822fd1:13706692"]

[node name="_mesh" type="MeshInstance3D" parent="Character_Goblin_Warrior_Female"]
mesh = ExtResource("8_k6cc1")
surface_material_override/0 = ExtResource("2_0pjbl")

[node name="Character_Goblin_Warrior_Male" type="Node3D" parent="."]
visible = false
metadata/ufile_ids = ["70ad07d06832dba42a3bb244ab822fd1:417934", "70ad07d06832dba42a3bb244ab822fd1:198660", "70ad07d06832dba42a3bb244ab822fd1:13749736"]

[node name="_mesh" type="MeshInstance3D" parent="Character_Goblin_Warrior_Male"]
mesh = ExtResource("9_g5sh2")
surface_material_override/0 = ExtResource("2_0pjbl")

[node name="Character_Hero_Knight_Female" type="Node3D" parent="."]
visible = false
metadata/ufile_ids = ["70ad07d06832dba42a3bb244ab822fd1:488856", "70ad07d06832dba42a3bb244ab822fd1:156428", "70ad07d06832dba42a3bb244ab822fd1:13774060"]

[node name="_mesh" type="MeshInstance3D" parent="Character_Hero_Knight_Female"]
mesh = ExtResource("10_718oi")
surface_material_override/0 = ExtResource("2_0pjbl")

[node name="Character_Hero_Knight_Male" type="Node3D" parent="."]
visible = false
metadata/ufile_ids = ["70ad07d06832dba42a3bb244ab822fd1:445298", "70ad07d06832dba42a3bb244ab822fd1:150926", "70ad07d06832dba42a3bb244ab822fd1:13775344"]

[node name="_mesh" type="MeshInstance3D" parent="Character_Hero_Knight_Male"]
mesh = ExtResource("11_iqb0r")
surface_material_override/0 = ExtResource("2_0pjbl")

[node name="Character_Rock_Golem" type="Node3D" parent="."]
visible = false
metadata/ufile_ids = ["70ad07d06832dba42a3bb244ab822fd1:489964", "70ad07d06832dba42a3bb244ab822fd1:107228", "70ad07d06832dba42a3bb244ab822fd1:13712838"]

[node name="_mesh" type="MeshInstance3D" parent="Character_Rock_Golem"]
mesh = ExtResource("12_q07pv")
surface_material_override/0 = ExtResource("2_0pjbl")

[node name="Character_Skeleton_Knight" type="Node3D" parent="."]
visible = false
metadata/ufile_ids = ["70ad07d06832dba42a3bb244ab822fd1:424436", "70ad07d06832dba42a3bb244ab822fd1:186974", "70ad07d06832dba42a3bb244ab822fd1:13726636"]

[node name="_mesh" type="MeshInstance3D" parent="Character_Skeleton_Knight"]
mesh = ExtResource("13_v5xhi")
surface_material_override/0 = ExtResource("2_0pjbl")

[node name="Character_Skeleton_Slave_01" type="Node3D" parent="."]
visible = false
metadata/ufile_ids = ["70ad07d06832dba42a3bb244ab822fd1:462082", "70ad07d06832dba42a3bb244ab822fd1:177364", "70ad07d06832dba42a3bb244ab822fd1:13751366"]

[node name="_mesh" type="MeshInstance3D" parent="Character_Skeleton_Slave_01"]
mesh = ExtResource("14_tv4wk")
surface_material_override/0 = ExtResource("2_0pjbl")

[node name="Character_Skeleton_Soldier_01" type="Node3D" parent="."]
visible = false
metadata/ufile_ids = ["70ad07d06832dba42a3bb244ab822fd1:403434", "70ad07d06832dba42a3bb244ab822fd1:131662", "70ad07d06832dba42a3bb244ab822fd1:13769168"]

[node name="_mesh" type="MeshInstance3D" parent="Character_Skeleton_Soldier_01"]
mesh = ExtResource("15_hwyk5")
surface_material_override/0 = ExtResource("2_0pjbl")

[node name="Character_Skeleton_Soldier_02" type="Node3D" parent="."]
visible = false
metadata/ufile_ids = ["70ad07d06832dba42a3bb244ab822fd1:442104", "70ad07d06832dba42a3bb244ab822fd1:160596", "70ad07d06832dba42a3bb244ab822fd1:13727876"]

[node name="_mesh" type="MeshInstance3D" parent="Character_Skeleton_Soldier_02"]
mesh = ExtResource("16_mgk12")
surface_material_override/0 = ExtResource("2_0pjbl")

[node name="Character_Tormented_Soul" type="Node3D" parent="."]
visible = false
metadata/ufile_ids = ["70ad07d06832dba42a3bb244ab822fd1:467020", "70ad07d06832dba42a3bb244ab822fd1:198718", "70ad07d06832dba42a3bb244ab822fd1:13788132"]

[node name="_mesh" type="MeshInstance3D" parent="Character_Tormented_Soul"]
mesh = ExtResource("17_qh5ot")
surface_material_override/0 = ExtResource("2_0pjbl")

[node name="Root" type="Node3D" parent="."]
transform = Transform3D(0.01, 0, 0, 0, 0.01, 0, 0, 0, 0.01, 0, 0, 0)
metadata/ufile_ids = ["70ad07d06832dba42a3bb244ab822fd1:414866", "70ad07d06832dba42a3bb244ab822fd1:178504"]

[node name="Hips" type="Node3D" parent="Root"]
transform = Transform3D(0, 0, 1, 0.988775, 0.149412, 0, -0.149412, 0.988775, 0, 0, 87.6276, 0)
metadata/ufile_ids = ["70ad07d06832dba42a3bb244ab822fd1:482540", "70ad07d06832dba42a3bb244ab822fd1:175412"]

[node name="SM_Item_Bag_Large" type="Node3D" parent="Root/Hips"]
transform = Transform3D(0, 0.988775, -0.149412, 0, 0.149412, 0.988775, 1, 0, 0, 7.34898, 1.11049, -20.6229)
visible = false
metadata/ufile_ids = ["70ad07d06832dba42a3bb244ab822fd1:462626", "70ad07d06832dba42a3bb244ab822fd1:198778", "70ad07d06832dba42a3bb244ab822fd1:3348726", "70ad07d06832dba42a3bb244ab822fd1:2308482"]

[node name="_mesh" type="MeshInstance3D" parent="Root/Hips/SM_Item_Bag_Large"]
mesh = ExtResource("18_k5u22")
surface_material_override/0 = ExtResource("2_0pjbl")

[node name="SM_Item_Bags" type="Node3D" parent="Root/Hips"]
transform = Transform3D(0, 0.988775, -0.149412, 0, 0.149412, 0.988775, 1, 0, 0, 7.34898, 1.11049, -20.6229)
visible = false
metadata/ufile_ids = ["70ad07d06832dba42a3bb244ab822fd1:436348", "70ad07d06832dba42a3bb244ab822fd1:196770", "70ad07d06832dba42a3bb244ab822fd1:3365230", "70ad07d06832dba42a3bb244ab822fd1:2378516"]

[node name="_mesh" type="MeshInstance3D" parent="Root/Hips/SM_Item_Bags"]
mesh = ExtResource("19_11xay")
surface_material_override/0 = ExtResource("2_0pjbl")

[node name="SM_Item_Bones" type="Node3D" parent="Root/Hips"]
transform = Transform3D(0, 0.988775, -0.149412, 0, 0.149412, 0.988775, 1, 0, 0, 9.02181, 1.36327, -18.7515)
visible = false
metadata/ufile_ids = ["70ad07d06832dba42a3bb244ab822fd1:422234", "70ad07d06832dba42a3bb244ab822fd1:106486", "70ad07d06832dba42a3bb244ab822fd1:3330718", "70ad07d06832dba42a3bb244ab822fd1:2372462"]

[node name="_mesh" type="MeshInstance3D" parent="Root/Hips/SM_Item_Bones"]
mesh = ExtResource("20_2tf6x")
surface_material_override/0 = ExtResource("2_0pjbl")

[node name="SM_Item_Horn" type="Node3D" parent="Root/Hips"]
transform = Transform3D(0, 0.988775, -0.149412, 0, 0.149412, 0.988775, 1, 0, 0, 7.95274, 1.20172, 16.5818)
visible = false
metadata/ufile_ids = ["70ad07d06832dba42a3bb244ab822fd1:490300", "70ad07d06832dba42a3bb244ab822fd1:180966", "70ad07d06832dba42a3bb244ab822fd1:3395572", "70ad07d06832dba42a3bb244ab822fd1:2390418"]

[node name="_mesh" type="MeshInstance3D" parent="Root/Hips/SM_Item_Horn"]
mesh = ExtResource("21_cv6pn")
surface_material_override/0 = ExtResource("2_0pjbl")

[node name="SM_Item_Shrooms" type="Node3D" parent="Root/Hips"]
transform = Transform3D(0, 0.988775, -0.149412, 0, 0.149412, 0.988775, 1, 0, 0, 6.17986, 0.933827, 18.9238)
visible = false
metadata/ufile_ids = ["70ad07d06832dba42a3bb244ab822fd1:478692", "70ad07d06832dba42a3bb244ab822fd1:119946", "70ad07d06832dba42a3bb244ab822fd1:3345968", "70ad07d06832dba42a3bb244ab822fd1:2318266"]

[node name="_mesh" type="MeshInstance3D" parent="Root/Hips/SM_Item_Shrooms"]
mesh = ExtResource("22_eh2s6")
surface_material_override/0 = ExtResource("2_0pjbl")

[node name="SM_Item_Shrunken_Head" type="Node3D" parent="Root/Hips"]
transform = Transform3D(-0.241615, 0.691279, 0.0724032, 0.393359, 0.0727983, 0.617621, 0.573042, 0.241497, -0.393432, 12.39, -1.76, -17.93)
metadata/ufile_ids = ["70ad07d06832dba42a3bb244ab822fd1:499126", "70ad07d06832dba42a3bb244ab822fd1:131202", "70ad07d06832dba42a3bb244ab822fd1:3381102", "70ad07d06832dba42a3bb244ab822fd1:2391788"]

[node name="_mesh" type="MeshInstance3D" parent="Root/Hips/SM_Item_Shrunken_Head"]
mesh = ExtResource("23_0agcg")
surface_material_override/0 = ExtResource("2_0pjbl")

[node name="Spine_01" type="Node3D" parent="Root/Hips"]
transform = Transform3D(0.980128, 0.198365, -2.61763e-15, 0.198365, -0.980128, -4.04826e-16, -2.64591e-15, -1.22465e-16, -1, 10.3933, 1.33227e-15, 4.61554e-15)
metadata/ufile_ids = ["70ad07d06832dba42a3bb244ab822fd1:438340", "70ad07d06832dba42a3bb244ab822fd1:113112"]

[node name="Spine_02" type="Node3D" parent="Root/Hips/Spine_01"]
transform = Transform3D(0.980791, 0.195062, 1.17781e-15, 0.195062, -0.980791, 3.59108e-16, 1.22523e-15, -1.22465e-16, -1, 18.1512, 1.55431e-15, -7.10107e-15)
metadata/ufile_ids = ["70ad07d06832dba42a3bb244ab822fd1:443224", "70ad07d06832dba42a3bb244ab822fd1:136376"]

[node name="SM_Item_Goblin_WarBanner" type="Node3D" parent="Root/Hips/Spine_01/Spine_02"]
transform = Transform3D(0, 0.989273, -0.14608, 0, 0.14608, 0.989273, 1, 0, 0, 10.0745, -13.7135, 3.42695e-13)
visible = false
metadata/ufile_ids = ["70ad07d06832dba42a3bb244ab822fd1:402990", "70ad07d06832dba42a3bb244ab822fd1:112654", "70ad07d06832dba42a3bb244ab822fd1:3384396", "70ad07d06832dba42a3bb244ab822fd1:2343644"]

[node name="_mesh" type="MeshInstance3D" parent="Root/Hips/Spine_01/Spine_02/SM_Item_Goblin_WarBanner"]
mesh = ExtResource("24_yq7xy")
surface_material_override/0 = ExtResource("2_0pjbl")

[node name="SM_Item_Shield" type="Node3D" parent="Root/Hips/Spine_01/Spine_02"]
transform = Transform3D(0, 0.989273, -0.14608, 0, 0.14608, 0.989273, 1, 0, 0, 19.4008, -9.59115, 4.07389e-13)
visible = false
metadata/ufile_ids = ["70ad07d06832dba42a3bb244ab822fd1:405352", "70ad07d06832dba42a3bb244ab822fd1:110970", "70ad07d06832dba42a3bb244ab822fd1:3349120", "70ad07d06832dba42a3bb244ab822fd1:2332866"]

[node name="_mesh" type="MeshInstance3D" parent="Root/Hips/Spine_01/Spine_02/SM_Item_Shield"]
mesh = ExtResource("25_nbls1")
surface_material_override/0 = ExtResource("2_0pjbl")

[node name="SM_Item_Sword" type="Node3D" parent="Root/Hips/Spine_01/Spine_02"]
transform = Transform3D(0, 0.989273, -0.14608, 0, 0.14608, 0.989273, 1, 0, 0, 16.9072, -12.0668, 3.97542e-13)
visible = false
metadata/ufile_ids = ["70ad07d06832dba42a3bb244ab822fd1:402610", "70ad07d06832dba42a3bb244ab822fd1:179502", "70ad07d06832dba42a3bb244ab822fd1:3310286", "70ad07d06832dba42a3bb244ab822fd1:2320194"]

[node name="_mesh" type="MeshInstance3D" parent="Root/Hips/Spine_01/Spine_02/SM_Item_Sword"]
mesh = ExtResource("26_0268p")
surface_material_override/0 = ExtResource("2_0pjbl")

[node name="Spine_03" type="Node3D" parent="Root/Hips/Spine_01/Spine_02"]
transform = Transform3D(0.975318, 0.220805, 5.46841e-17, 0.220805, -0.975318, 1.37944e-16, 8.37932e-17, -1.22465e-16, -1, 17.9037, 2.22045e-15, 7.50973e-15)
metadata/ufile_ids = ["70ad07d06832dba42a3bb244ab822fd1:446624", "70ad07d06832dba42a3bb244ab822fd1:138496"]

[node name="Clavicle_L" type="Node3D" parent="Root/Hips/Spine_01/Spine_02/Spine_03"]
transform = Transform3D(-0.0486081, 0.996564, 0.0670689, 0.467129, 0.0820338, -0.880376, -0.882852, -0.0114634, -0.469511, 5.80117, -4.19145, -7.44715)
metadata/ufile_ids = ["70ad07d06832dba42a3bb244ab822fd1:448408", "70ad07d06832dba42a3bb244ab822fd1:127712"]

[node name="Shoulder_L" type="Node3D" parent="Root/Hips/Spine_01/Spine_02/Spine_03/Clavicle_L"]
transform = Transform3D(0.885509, 0.0602784, -0.460696, -0.0710111, 0.997458, -0.00598189, 0.459164, 0.0380115, 0.887538, 13.1979, -4.85723e-17, -2.66454e-15)
metadata/ufile_ids = ["70ad07d06832dba42a3bb244ab822fd1:456310", "70ad07d06832dba42a3bb244ab822fd1:136236"]

[node name="Elbow_L" type="Node3D" parent="Root/Hips/Spine_01/Spine_02/Spine_03/Clavicle_L/Shoulder_L"]
transform = Transform3D(0.993276, -0.0825021, -0.081223, 0.0822276, 0.996591, -0.00672399, 0.0815009, -2.32831e-10, 0.996673, 33.9474, -0.144907, -0.143626)
metadata/ufile_ids = ["70ad07d06832dba42a3bb244ab822fd1:450420", "70ad07d06832dba42a3bb244ab822fd1:187466"]

[node name="Hand_L" type="Node3D" parent="Root/Hips/Spine_01/Spine_02/Spine_03/Clavicle_L/Shoulder_L/Elbow_L"]
transform = Transform3D(0.997432, 3.33198e-15, 0.0716155, -3.33544e-15, 1, -7.12448e-17, -0.0716155, -1.67807e-16, 0.997432, 27.1145, 0, -0.0381364)
metadata/ufile_ids = ["70ad07d06832dba42a3bb244ab822fd1:476942", "70ad07d06832dba42a3bb244ab822fd1:136914"]

[node name="Finger_01" type="Node3D" parent="Root/Hips/Spine_01/Spine_02/Spine_03/Clavicle_L/Shoulder_L/Elbow_L/Hand_L"]
transform = Transform3D(0.98976, 0.11253, 0.0878153, -0.112967, 0.993599, 0, -0.0872532, -0.0099202, 0.996137, 9.98253, -0.115959, -3.28334)
metadata/ufile_ids = ["70ad07d06832dba42a3bb244ab822fd1:472920", "70ad07d06832dba42a3bb244ab822fd1:187542"]

[node name="Finger_02" type="Node3D" parent="Root/Hips/Spine_01/Spine_02/Spine_03/Clavicle_L/Shoulder_L/Elbow_L/Hand_L/Finger_01"]
transform = Transform3D(0.998335, 0.042418, -0.0390799, -0.0426236, 0.999081, -0.00444316, 0.0388555, 0.00610149, 0.999226, 4.24881, -1.05818e-15, -8.32667e-16)
metadata/ufile_ids = ["70ad07d06832dba42a3bb244ab822fd1:480778", "70ad07d06832dba42a3bb244ab822fd1:178522"]

[node name="Finger_03" type="Node3D" parent="Root/Hips/Spine_01/Spine_02/Spine_03/Clavicle_L/Shoulder_L/Elbow_L/Hand_L/Finger_01/Finger_02"]
transform = Transform3D(0.972665, 0.181128, 0.145312, -0.186317, 0.982225, 0.0228184, -0.138596, -0.0492687, 0.989123, 3.51333, -3.00324e-14, 3.77476e-15)
metadata/ufile_ids = ["70ad07d06832dba42a3bb244ab822fd1:455198", "70ad07d06832dba42a3bb244ab822fd1:125314"]

[node name="Finger_04" type="Node3D" parent="Root/Hips/Spine_01/Spine_02/Spine_03/Clavicle_L/Shoulder_L/Elbow_L/Hand_L/Finger_01/Finger_02/Finger_03"]
transform = Transform3D(0.924156, -0.33495, -0.183697, 0.328523, 0.942236, -0.0653013, 0.194958, 0, 0.980812, 3.00324, 2.12677e-14, -1.11022e-16)
metadata/ufile_ids = ["70ad07d06832dba42a3bb244ab822fd1:476756", "70ad07d06832dba42a3bb244ab822fd1:143556"]

[node name="IndexFinger_01" type="Node3D" parent="Root/Hips/Spine_01/Spine_02/Spine_03/Clavicle_L/Shoulder_L/Elbow_L/Hand_L"]
transform = Transform3D(0.991306, 0.00845244, -0.131305, -0.00852626, 0.999964, 0, 0.1313, 0.00111954, 0.991342, 10.3966, 0.398715, 2.67265)
metadata/ufile_ids = ["70ad07d06832dba42a3bb244ab822fd1:440086", "70ad07d06832dba42a3bb244ab822fd1:113886"]

[node name="IndexFinger_02" type="Node3D" parent="Root/Hips/Spine_01/Spine_02/Spine_03/Clavicle_L/Shoulder_L/Elbow_L/Hand_L/IndexFinger_01"]
transform = Transform3D(0.980432, 0.19567, 0.0216048, -0.19572, 0.98066, 0.000184215, -0.021151, -0.00440911, 0.999767, 4.09363, -1.52764e-16, 2.44249e-15)
metadata/ufile_ids = ["70ad07d06832dba42a3bb244ab822fd1:443596", "70ad07d06832dba42a3bb244ab822fd1:137478"]

[node name="IndexFinger_03" type="Node3D" parent="Root/Hips/Spine_01/Spine_02/Spine_03/Clavicle_L/Shoulder_L/Elbow_L/Hand_L/IndexFinger_01/IndexFinger_02"]
transform = Transform3D(0.992179, 0.113423, 0.0521209, -0.114134, 0.993406, 0.0108651, -0.0505449, -0.0167289, 0.998582, 3.79119, -2.1462e-14, -3.83027e-15)
metadata/ufile_ids = ["70ad07d06832dba42a3bb244ab822fd1:431170", "70ad07d06832dba42a3bb244ab822fd1:180640"]

[node name="IndexFinger_04" type="Node3D" parent="Root/Hips/Spine_01/Spine_02/Spine_03/Clavicle_L/Shoulder_L/Elbow_L/Hand_L/IndexFinger_01/IndexFinger_02/IndexFinger_03"]
transform = Transform3D(0.947822, -0.314209, 0.0539051, 0.313702, 0.949354, 0.017841, -0.0567808, 9.31323e-10, 0.998387, 3.77979, -1.92841e-14, -9.99201e-16)
metadata/ufile_ids = ["70ad07d06832dba42a3bb244ab822fd1:422486", "70ad07d06832dba42a3bb244ab822fd1:144620"]

[node name="Thumb_01" type="Node3D" parent="Root/Hips/Spine_01/Spine_02/Spine_03/Clavicle_L/Shoulder_L/Elbow_L/Hand_L"]
transform = Transform3D(0.831214, 0.154317, -0.534106, -0.182534, 0.9832, 1.11759e-08, 0.525132, 0.0974924, 0.845418, 3.51405, -1.17069, 4.50554)
metadata/ufile_ids = ["70ad07d06832dba42a3bb244ab822fd1:496440", "70ad07d06832dba42a3bb244ab822fd1:166320"]

[node name="Thumb_02" type="Node3D" parent="Root/Hips/Spine_01/Spine_02/Spine_03/Clavicle_L/Shoulder_L/Elbow_L/Hand_L/Thumb_01"]
transform = Transform3D(0.932106, 0.268778, 0.242769, -0.287605, 0.956688, 0.0450708, -0.22014, -0.111832, 0.969037, 6.37021, -6.10623e-16, 4.44089e-16)
metadata/ufile_ids = ["70ad07d06832dba42a3bb244ab822fd1:478786", "70ad07d06832dba42a3bb244ab822fd1:159762"]

[node name="Thumb_03" type="Node3D" parent="Root/Hips/Spine_01/Spine_02/Spine_03/Clavicle_L/Shoulder_L/Elbow_L/Hand_L/Thumb_01/Thumb_02"]
transform = Transform3D(0.847975, -0.452915, 0.27533, 0.430776, 0.891554, 0.139869, -0.30882, 0, 0.951121, 5.66557, 2.91156e-14, 3.9968e-15)
metadata/ufile_ids = ["70ad07d06832dba42a3bb244ab822fd1:477874", "70ad07d06832dba42a3bb244ab822fd1:160896"]

[node name="Clavicle_R" type="Node3D" parent="Root/Hips/Spine_01/Spine_02/Spine_03"]
transform = Transform3D(0.0486079, -0.996564, -0.0670688, -0.467129, -0.0820339, 0.880376, -0.882852, -0.0114635, -0.469511, 5.80153, -4.19142, 7.44715)
metadata/ufile_ids = ["70ad07d06832dba42a3bb244ab822fd1:431178", "70ad07d06832dba42a3bb244ab822fd1:161894"]

[node name="Shoulder_R" type="Node3D" parent="Root/Hips/Spine_01/Spine_02/Spine_03/Clavicle_R"]
transform = Transform3D(0.885509, 0.0602784, -0.460696, -0.0710111, 0.997458, -0.00598189, 0.459164, 0.0380115, 0.887538, -13.1979, 0.000647339, 4.73534e-06)
metadata/ufile_ids = ["70ad07d06832dba42a3bb244ab822fd1:461940", "70ad07d06832dba42a3bb244ab822fd1:152108"]

[node name="Elbow_R" type="Node3D" parent="Root/Hips/Spine_01/Spine_02/Spine_03/Clavicle_R/Shoulder_R"]
transform = Transform3D(0.993276, -0.0825021, -0.081223, 0.0822276, 0.996591, -0.00672399, 0.0815009, -2.32831e-10, 0.996673, -33.9475, 0.144759, 0.143626)
metadata/ufile_ids = ["70ad07d06832dba42a3bb244ab822fd1:412374", "70ad07d06832dba42a3bb244ab822fd1:160506"]

[node name="Hand_R" type="Node3D" parent="Root/Hips/Spine_01/Spine_02/Spine_03/Clavicle_R/Shoulder_R/Elbow_R"]
transform = Transform3D(0.997432, -2.35026e-15, 0.0716155, 2.33581e-15, 1, 2.85541e-16, -0.0716155, -1.17528e-16, 0.997432, -27.1145, -2.84217e-14, 0.0381361)
metadata/ufile_ids = ["70ad07d06832dba42a3bb244ab822fd1:409868", "70ad07d06832dba42a3bb244ab822fd1:149326"]

[node name="Finger_01 1" type="Node3D" parent="Root/Hips/Spine_01/Spine_02/Spine_03/Clavicle_R/Shoulder_R/Elbow_R/Hand_R"]
transform = Transform3D(0.98976, 0.11253, 0.0878153, -0.112967, 0.993599, 0, -0.0872532, -0.0099202, 0.996137, -9.9825, 0.116, 3.28334)
metadata/ufile_ids = ["70ad07d06832dba42a3bb244ab822fd1:406922", "70ad07d06832dba42a3bb244ab822fd1:187470"]

[node name="Finger_02 1" type="Node3D" parent="Root/Hips/Spine_01/Spine_02/Spine_03/Clavicle_R/Shoulder_R/Elbow_R/Hand_R/Finger_01 1"]
transform = Transform3D(0.998335, 0.042418, -0.0390799, -0.0426236, 0.999081, -0.00444316, 0.0388555, 0.00610149, 0.999226, -4.24881, 2.65344e-05, -1.97899e-06)
metadata/ufile_ids = ["70ad07d06832dba42a3bb244ab822fd1:416476", "70ad07d06832dba42a3bb244ab822fd1:103488"]

[node name="Finger_03 1" type="Node3D" parent="Root/Hips/Spine_01/Spine_02/Spine_03/Clavicle_R/Shoulder_R/Elbow_R/Hand_R/Finger_01 1/Finger_02 1"]
transform = Transform3D(0.972665, 0.181128, 0.145312, -0.186317, 0.982225, 0.0228184, -0.138596, -0.0492687, 0.989123, -3.51332, -1.99785e-05, 1.48536e-06)
metadata/ufile_ids = ["70ad07d06832dba42a3bb244ab822fd1:471302", "70ad07d06832dba42a3bb244ab822fd1:172792"]

[node name="Finger_04 1" type="Node3D" parent="Root/Hips/Spine_01/Spine_02/Spine_03/Clavicle_R/Shoulder_R/Elbow_R/Hand_R/Finger_01 1/Finger_02 1/Finger_03 1"]
transform = Transform3D(0.924156, -0.33495, -0.183697, 0.328523, 0.942236, -0.0653013, 0.194958, 0, 0.980812, -3.00311, 0.000113347, 3.5911e-05)
metadata/ufile_ids = ["70ad07d06832dba42a3bb244ab822fd1:478142", "70ad07d06832dba42a3bb244ab822fd1:164910"]

[node name="IndexFinger_01 1" type="Node3D" parent="Root/Hips/Spine_01/Spine_02/Spine_03/Clavicle_R/Shoulder_R/Elbow_R/Hand_R"]
transform = Transform3D(0.991306, 0.00845244, -0.131305, -0.00852626, 0.999964, 0, 0.1313, 0.00111954, 0.991342, -10.3966, -0.399, -2.67265)
metadata/ufile_ids = ["70ad07d06832dba42a3bb244ab822fd1:401562", "70ad07d06832dba42a3bb244ab822fd1:115734"]

[node name="IndexFinger_02 1" type="Node3D" parent="Root/Hips/Spine_01/Spine_02/Spine_03/Clavicle_R/Shoulder_R/Elbow_R/Hand_R/IndexFinger_01 1"]
transform = Transform3D(0.980432, 0.19567, 0.0216048, -0.19572, 0.98066, 0.000184215, -0.021151, -0.00440911, 0.999767, -4.09359, 9.69869e-05, -4.95675e-06)
metadata/ufile_ids = ["70ad07d06832dba42a3bb244ab822fd1:458758", "70ad07d06832dba42a3bb244ab822fd1:154558"]

[node name="IndexFinger_03 1" type="Node3D" parent="Root/Hips/Spine_01/Spine_02/Spine_03/Clavicle_R/Shoulder_R/Elbow_R/Hand_R/IndexFinger_01 1/IndexFinger_02 1"]
transform = Transform3D(0.992179, 0.113423, 0.0521209, -0.114134, 0.993406, 0.0108651, -0.0505449, -0.0167289, 0.998582, -3.79121, 0.000324998, -4.54529e-06)
metadata/ufile_ids = ["70ad07d06832dba42a3bb244ab822fd1:440318", "70ad07d06832dba42a3bb244ab822fd1:105006"]

[node name="IndexFinger_04 1" type="Node3D" parent="Root/Hips/Spine_01/Spine_02/Spine_03/Clavicle_R/Shoulder_R/Elbow_R/Hand_R/IndexFinger_01 1/IndexFinger_02 1/IndexFinger_03 1"]
transform = Transform3D(0.947822, -0.314209, 0.0539051, 0.313702, 0.949354, 0.017841, -0.0567808, 9.31323e-10, 0.998387, -3.77933, -0.000526571, -1.55074e-05)
metadata/ufile_ids = ["70ad07d06832dba42a3bb244ab822fd1:491708", "70ad07d06832dba42a3bb244ab822fd1:158914"]

[node name="Thumb_01 1" type="Node3D" parent="Root/Hips/Spine_01/Spine_02/Spine_03/Clavicle_R/Shoulder_R/Elbow_R/Hand_R"]
transform = Transform3D(0.831214, 0.154317, -0.534106, -0.182534, 0.9832, 1.11759e-08, 0.525132, 0.0974924, 0.845418, -3.514, 1.171, -4.50554)
metadata/ufile_ids = ["70ad07d06832dba42a3bb244ab822fd1:437138", "70ad07d06832dba42a3bb244ab822fd1:123514"]

[node name="Thumb_02 1" type="Node3D" parent="Root/Hips/Spine_01/Spine_02/Spine_03/Clavicle_R/Shoulder_R/Elbow_R/Hand_R/Thumb_01 1"]
transform = Transform3D(0.932106, 0.268778, 0.242769, -0.287605, 0.956688, 0.0450708, -0.22014, -0.111832, 0.969037, -6.37015, -0.000781182, 4.36381e-05)
metadata/ufile_ids = ["70ad07d06832dba42a3bb244ab822fd1:482496", "70ad07d06832dba42a3bb244ab822fd1:188554"]

[node name="Thumb_03 1" type="Node3D" parent="Root/Hips/Spine_01/Spine_02/Spine_03/Clavicle_R/Shoulder_R/Elbow_R/Hand_R/Thumb_01 1/Thumb_02 1"]
transform = Transform3D(0.847975, -0.452915, 0.27533, 0.430776, 0.891554, 0.139869, -0.30882, 0, 0.951121, -5.66551, 9.8355e-06, -2.02795e-05)
metadata/ufile_ids = ["70ad07d06832dba42a3bb244ab822fd1:483134", "70ad07d06832dba42a3bb244ab822fd1:140300"]

[node name="Neck" type="Node3D" parent="Root/Hips/Spine_01/Spine_02/Spine_03"]
transform = Transform3D(0.996517, 0.083394, -2.61169e-15, -0.083394, 0.996517, -3.21126e-17, 2.59992e-15, 2.498e-16, 1, 11.189, -6.66134e-16, -4.62441e-15)
metadata/ufile_ids = ["70ad07d06832dba42a3bb244ab822fd1:489686", "70ad07d06832dba42a3bb244ab822fd1:130152"]

[node name="Head" type="Node3D" parent="Root/Hips/Spine_01/Spine_02/Spine_03/Neck"]
transform = Transform3D(0, 0.987303, 0.158851, 0, 0.158851, -0.987303, -1, 0, 0, 12.1644, -1.5099e-14, -5.05918e-15)
metadata/ufile_ids = ["70ad07d06832dba42a3bb244ab822fd1:497764", "70ad07d06832dba42a3bb244ab822fd1:149896"]

[node name="Eyebrows" type="Node3D" parent="Root/Hips/Spine_01/Spine_02/Spine_03/Neck/Head"]
transform = Transform3D(1, 0, 0, 0, 1, 0, 0, 0, 1, -2.52435e-29, 12.7669, 12.2722)
metadata/ufile_ids = ["70ad07d06832dba42a3bb244ab822fd1:419940", "70ad07d06832dba42a3bb244ab822fd1:120284"]

[node name="Eyes" type="Node3D" parent="Root/Hips/Spine_01/Spine_02/Spine_03/Neck/Head"]
transform = Transform3D(1, 0, 0, 0, 1, 0, 0, 0, 1, 2.05104e-29, 9.44761, 12.2722)
metadata/ufile_ids = ["70ad07d06832dba42a3bb244ab822fd1:451924", "70ad07d06832dba42a3bb244ab822fd1:155702"]

[node name="SM_Item_Goblin_Hair" type="Node3D" parent="Root/Hips/Spine_01/Spine_02/Spine_03/Neck/Head"]
transform = Transform3D(1, 1.11999e-14, -8.30618e-15, -1.11999e-14, 1, -3.13721e-13, 8.30618e-15, 3.13721e-13, 1, -0.482341, 18.4513, -11.6214)
visible = false
metadata/ufile_ids = ["70ad07d06832dba42a3bb244ab822fd1:464384", "70ad07d06832dba42a3bb244ab822fd1:163790", "70ad07d06832dba42a3bb244ab822fd1:3397084", "70ad07d06832dba42a3bb244ab822fd1:2327878"]

[node name="_mesh" type="MeshInstance3D" parent="Root/Hips/Spine_01/Spine_02/Spine_03/Neck/Head/SM_Item_Goblin_Hair"]
mesh = ExtResource("27_qj28l")
surface_material_override/0 = ExtResource("2_0pjbl")

[node name="SM_Item_Mask_01" type="Node3D" parent="Root/Hips/Spine_01/Spine_02/Spine_03/Neck/Head"]
transform = Transform3D(1, 1.11999e-14, -8.30618e-15, -1.11999e-14, 1, -3.13721e-13, 8.30618e-15, 3.13721e-13, 1, -1.26528e-12, -156.911, 0.483958)
visible = false
metadata/ufile_ids = ["70ad07d06832dba42a3bb244ab822fd1:442190", "70ad07d06832dba42a3bb244ab822fd1:128474", "70ad07d06832dba42a3bb244ab822fd1:3324184", "70ad07d06832dba42a3bb244ab822fd1:2302058"]

[node name="_mesh" type="MeshInstance3D" parent="Root/Hips/Spine_01/Spine_02/Spine_03/Neck/Head/SM_Item_Mask_01"]
mesh = ExtResource("28_4h0t5")
surface_material_override/0 = ExtResource("2_0pjbl")

[node name="SM_Item_Mask_02" type="Node3D" parent="Root/Hips/Spine_01/Spine_02/Spine_03/Neck/Head"]
transform = Transform3D(1, 1.11999e-14, -8.30618e-15, -1.11999e-14, 1, -3.13721e-13, 8.30618e-15, 3.13721e-13, 1, -1.26528e-12, -156.911, 0.483958)
metadata/ufile_ids = ["70ad07d06832dba42a3bb244ab822fd1:448888", "70ad07d06832dba42a3bb244ab822fd1:186626", "70ad07d06832dba42a3bb244ab822fd1:3397794", "70ad07d06832dba42a3bb244ab822fd1:2318422"]

[node name="_mesh" type="MeshInstance3D" parent="Root/Hips/Spine_01/Spine_02/Spine_03/Neck/Head/SM_Item_Mask_02"]
mesh = ExtResource("29_ejr2e")
surface_material_override/0 = ExtResource("2_0pjbl")

[node name="UpperLeg_L" type="Node3D" parent="Root/Hips"]
transform = Transform3D(0.988277, -0.0313848, -0.149412, 0.149337, -0.00474262, 0.988775, -0.0317411, -0.999496, -1.19209e-07, -4.11578, -2.69208, 9.89671)
metadata/ufile_ids = ["70ad07d06832dba42a3bb244ab822fd1:430340", "70ad07d06832dba42a3bb244ab822fd1:147826"]

[node name="LowerLeg_L" type="Node3D" parent="Root/Hips/UpperLeg_L"]
transform = Transform3D(0.998758, -0.0387686, -0.031288, -0.0242844, 0.16951, -0.985229, 0.0434995, 0.984766, 0.168358, -39.9309, -3.80503e-05, 1.46549e-14)
metadata/ufile_ids = ["70ad07d06832dba42a3bb244ab822fd1:450586", "70ad07d06832dba42a3bb244ab822fd1:159282"]

[node name="Ankle_L" type="Node3D" parent="Root/Hips/UpperLeg_L/LowerLeg_L"]
transform = Transform3D(0.482309, -0.875969, 0.00742956, -0.864116, -0.474357, 0.168194, -0.143808, -0.0875415, -0.985726, -37.7123, 1.31695e-05, -8.41104e-05)
metadata/ufile_ids = ["70ad07d06832dba42a3bb244ab822fd1:455458", "70ad07d06832dba42a3bb244ab822fd1:111872"]

[node name="Ball_L" type="Node3D" parent="Root/Hips/UpperLeg_L/LowerLeg_L/Ankle_L"]
transform = Transform3D(0.854183, -0.519973, -7.5118e-15, 0.519973, 0.854183, -9.44708e-15, 1.13287e-14, 4.16361e-15, 1, -11.284, -1.68496e-06, -7.10543e-15)
metadata/ufile_ids = ["70ad07d06832dba42a3bb244ab822fd1:461398", "70ad07d06832dba42a3bb244ab822fd1:150962"]

[node name="Toes_L" type="Node3D" parent="Root/Hips/UpperLeg_L/LowerLeg_L/Ankle_L/Ball_L"]
transform = Transform3D(0, -7.74325e-13, 1, 0, 1, 7.74325e-13, -1, 0, 0, -7.29575, 2.66454e-15, 1.77636e-15)
metadata/ufile_ids = ["70ad07d06832dba42a3bb244ab822fd1:460942", "70ad07d06832dba42a3bb244ab822fd1:151344"]

[node name="UpperLeg_R" type="Node3D" parent="Root/Hips"]
transform = Transform3D(-0.988277, 0.0313848, 0.149412, -0.149337, 0.00474262, -0.988775, -0.0317411, -0.999496, 5.96046e-08, -4.11577, -2.69207, -9.89671)
metadata/ufile_ids = ["70ad07d06832dba42a3bb244ab822fd1:476288", "70ad07d06832dba42a3bb244ab822fd1:106178"]

[node name="LowerLeg_R" type="Node3D" parent="Root/Hips/UpperLeg_R"]
transform = Transform3D(0.998758, -0.0387686, -0.031288, -0.0242844, 0.16951, -0.985229, 0.0434995, 0.984766, 0.168358, 39.9309, -6.88338e-15, -5.33421e-15)
metadata/ufile_ids = ["70ad07d06832dba42a3bb244ab822fd1:468362", "70ad07d06832dba42a3bb244ab822fd1:117038"]

[node name="Ankle_R" type="Node3D" parent="Root/Hips/UpperLeg_R/LowerLeg_R"]
transform = Transform3D(0.482309, -0.875969, 0.00742956, -0.864116, -0.474357, 0.168194, -0.143808, -0.0875415, -0.985726, 37.7124, -7.77156e-15, 1.68199e-14)
metadata/ufile_ids = ["70ad07d06832dba42a3bb244ab822fd1:474322", "70ad07d06832dba42a3bb244ab822fd1:104038"]

[node name="Ball_R" type="Node3D" parent="Root/Hips/UpperLeg_R/LowerLeg_R/Ankle_R"]
transform = Transform3D(0.854183, -0.519973, -2.88558e-15, 0.519973, 0.854183, 7.86072e-16, 2.05608e-15, -2.17187e-15, 1, 11.284, -1.15463e-14, -2.11335e-15)
metadata/ufile_ids = ["70ad07d06832dba42a3bb244ab822fd1:416526", "70ad07d06832dba42a3bb244ab822fd1:117404"]

[node name="Toes_R" type="Node3D" parent="Root/Hips/UpperLeg_R/LowerLeg_R/Ankle_R/Ball_R"]
transform = Transform3D(0, 5.37782e-14, 1, 0, 1, -5.37782e-14, -1, 0, 0, 7.29576, 2.04009e-16, 3.40871e-16)
metadata/ufile_ids = ["70ad07d06832dba42a3bb244ab822fd1:407278", "70ad07d06832dba42a3bb244ab822fd1:117084"]
