[gd_scene load_steps=30 format=3 uid="uid://bkk0fi2j7qvbk"]

[ext_resource type="ArrayMesh" path="res://assets/PolygonDungeon/Models/Characters_mesh/Character_Ghost_01_4300060.mesh" id="1_2f87d"]
[ext_resource type="Material" uid="uid://c3xg28fkmvve7" path="res://assets/PolygonDungeon/Materials/Dungeons_Material_Characters_01.tres" id="2_mvcc8"]
[ext_resource type="ArrayMesh" uid="uid://dgbner6hu42k6" path="res://assets/PolygonDungeon/Models/Characters_mesh/Character_Ghost_02_4300050.mesh" id="3_vc7kq"]
[ext_resource type="ArrayMesh" path="res://assets/PolygonDungeon/Models/Characters_mesh/Character_Goblin_Female_4300046.mesh" id="4_pdk0g"]
[ext_resource type="ArrayMesh" path="res://assets/PolygonDungeon/Models/Characters_mesh/Character_Goblin_Male_4300066.mesh" id="5_xq0o2"]
[ext_resource type="ArrayMesh" path="res://assets/PolygonDungeon/Models/Characters_mesh/Character_Goblin_Shaman_4300058.mesh" id="6_kslj5"]
[ext_resource type="ArrayMesh" path="res://assets/PolygonDungeon/Models/Characters_mesh/Character_Goblin_WarChief_4300072.mesh" id="7_nn85i"]
[ext_resource type="ArrayMesh" path="res://assets/PolygonDungeon/Models/Characters_mesh/Character_Goblin_Warrior_Female_4300044.mesh" id="8_rdcbu"]
[ext_resource type="ArrayMesh" path="res://assets/PolygonDungeon/Models/Characters_mesh/Character_Goblin_Warrior_Male_4300052.mesh" id="9_kejld"]
[ext_resource type="ArrayMesh" path="res://assets/PolygonDungeon/Models/Characters_mesh/Character_Hero_Knight_Female_4300048.mesh" id="10_g18q3"]
[ext_resource type="ArrayMesh" path="res://assets/PolygonDungeon/Models/Characters_mesh/Character_Hero_Knight_Male_4300068.mesh" id="11_uiru3"]
[ext_resource type="ArrayMesh" path="res://assets/PolygonDungeon/Models/Characters_mesh/Character_Rock_Golem_4300056.mesh" id="12_c82cy"]
[ext_resource type="ArrayMesh" path="res://assets/PolygonDungeon/Models/Characters_mesh/Character_Skeleton_Knight_4300054.mesh" id="13_m7otk"]
[ext_resource type="ArrayMesh" path="res://assets/PolygonDungeon/Models/Characters_mesh/Character_Skeleton_Slave_01_4300070.mesh" id="14_enf0c"]
[ext_resource type="ArrayMesh" path="res://assets/PolygonDungeon/Models/Characters_mesh/Character_Skeleton_Soldier_01_4300074.mesh" id="15_sc82l"]
[ext_resource type="ArrayMesh" path="res://assets/PolygonDungeon/Models/Characters_mesh/Character_Skeleton_Soldier_02_4300064.mesh" id="16_17dqs"]
[ext_resource type="ArrayMesh" path="res://assets/PolygonDungeon/Models/Characters_mesh/Character_Tormented_Soul_4300062.mesh" id="17_t5qlf"]
[ext_resource type="ArrayMesh" path="res://assets/PolygonDungeon/Models/Characters_mesh/SM_Item_Bag_Large_4300042.mesh" id="18_jr4us"]
[ext_resource type="ArrayMesh" path="res://assets/PolygonDungeon/Models/Characters_mesh/SM_Item_Bags_4300034.mesh" id="19_so2jr"]
[ext_resource type="ArrayMesh" path="res://assets/PolygonDungeon/Models/Characters_mesh/SM_Item_Bones_4300040.mesh" id="20_vj1yp"]
[ext_resource type="ArrayMesh" path="res://assets/PolygonDungeon/Models/Characters_mesh/SM_Item_Horn_4300038.mesh" id="21_fhpc6"]
[ext_resource type="ArrayMesh" path="res://assets/PolygonDungeon/Models/Characters_mesh/SM_Item_Shrooms_4300036.mesh" id="22_7xwfg"]
[ext_resource type="ArrayMesh" path="res://assets/PolygonDungeon/Models/Characters_mesh/SM_Item_Shrunken_Head_4300032.mesh" id="23_qxs6f"]
[ext_resource type="ArrayMesh" path="res://assets/PolygonDungeon/Models/Characters_mesh/SM_Item_Goblin_WarBanner_4300014.mesh" id="24_8csc7"]
[ext_resource type="ArrayMesh" path="res://assets/PolygonDungeon/Models/Characters_mesh/SM_Item_Shield_4300018.mesh" id="25_47b3v"]
[ext_resource type="ArrayMesh" path="res://assets/PolygonDungeon/Models/Characters_mesh/SM_Item_Sword_4300016.mesh" id="26_ju8yq"]
[ext_resource type="ArrayMesh" path="res://assets/PolygonDungeon/Models/Characters_mesh/SM_Item_Goblin_Hair_4300000.mesh" id="27_jgxft"]
[ext_resource type="ArrayMesh" path="res://assets/PolygonDungeon/Models/Characters_mesh/SM_Item_Mask_01_4300002.mesh" id="28_h0h1t"]
[ext_resource type="ArrayMesh" path="res://assets/PolygonDungeon/Models/Characters_mesh/SM_Item_Mask_02_4300004.mesh" id="29_eyair"]

[node name="Character_Goblin_Warrior_Female" type="Node3D"]
metadata/ufile_ids = ["9a6b87430c6b2684aa9c1d4616d38a60:432292", "9a6b87430c6b2684aa9c1d4616d38a60:165754", "9a6b87430c6b2684aa9c1d4616d38a60:9519522"]

[node name="Character_Ghost_01" type="Node3D" parent="."]
visible = false
metadata/ufile_ids = ["9a6b87430c6b2684aa9c1d4616d38a60:427422", "9a6b87430c6b2684aa9c1d4616d38a60:167158", "9a6b87430c6b2684aa9c1d4616d38a60:13775958"]

[node name="_mesh" type="MeshInstance3D" parent="Character_Ghost_01"]
mesh = ExtResource("1_2f87d")
surface_material_override/0 = ExtResource("2_mvcc8")

[node name="Character_Ghost_02" type="Node3D" parent="."]
visible = false
metadata/ufile_ids = ["9a6b87430c6b2684aa9c1d4616d38a60:499536", "9a6b87430c6b2684aa9c1d4616d38a60:136044", "9a6b87430c6b2684aa9c1d4616d38a60:13792868"]

[node name="_mesh" type="MeshInstance3D" parent="Character_Ghost_02"]
mesh = ExtResource("3_vc7kq")
surface_material_override/0 = ExtResource("2_mvcc8")

[node name="Character_Goblin_Female" type="Node3D" parent="."]
visible = false
metadata/ufile_ids = ["9a6b87430c6b2684aa9c1d4616d38a60:485464", "9a6b87430c6b2684aa9c1d4616d38a60:182590", "9a6b87430c6b2684aa9c1d4616d38a60:13767966"]

[node name="_mesh" type="MeshInstance3D" parent="Character_Goblin_Female"]
mesh = ExtResource("4_pdk0g")
surface_material_override/0 = ExtResource("2_mvcc8")

[node name="Character_Goblin_Male" type="Node3D" parent="."]
visible = false
metadata/ufile_ids = ["9a6b87430c6b2684aa9c1d4616d38a60:414926", "9a6b87430c6b2684aa9c1d4616d38a60:130782", "9a6b87430c6b2684aa9c1d4616d38a60:13788190"]

[node name="_mesh" type="MeshInstance3D" parent="Character_Goblin_Male"]
mesh = ExtResource("5_xq0o2")
surface_material_override/0 = ExtResource("2_mvcc8")

[node name="Character_Goblin_Shaman" type="Node3D" parent="."]
visible = false
metadata/ufile_ids = ["9a6b87430c6b2684aa9c1d4616d38a60:409904", "9a6b87430c6b2684aa9c1d4616d38a60:113028", "9a6b87430c6b2684aa9c1d4616d38a60:13797070"]

[node name="_mesh" type="MeshInstance3D" parent="Character_Goblin_Shaman"]
mesh = ExtResource("6_kslj5")
surface_material_override/0 = ExtResource("2_mvcc8")

[node name="Character_Goblin_WarChief" type="Node3D" parent="."]
visible = false
metadata/ufile_ids = ["9a6b87430c6b2684aa9c1d4616d38a60:405486", "9a6b87430c6b2684aa9c1d4616d38a60:149422", "9a6b87430c6b2684aa9c1d4616d38a60:13721562"]

[node name="_mesh" type="MeshInstance3D" parent="Character_Goblin_WarChief"]
mesh = ExtResource("7_nn85i")
surface_material_override/0 = ExtResource("2_mvcc8")

[node name="Character_Goblin_Warrior_Female" type="Node3D" parent="."]
metadata/ufile_ids = ["9a6b87430c6b2684aa9c1d4616d38a60:457968", "9a6b87430c6b2684aa9c1d4616d38a60:108902", "9a6b87430c6b2684aa9c1d4616d38a60:13742166"]

[node name="_mesh" type="MeshInstance3D" parent="Character_Goblin_Warrior_Female"]
mesh = ExtResource("8_rdcbu")
surface_material_override/0 = ExtResource("2_mvcc8")

[node name="Character_Goblin_Warrior_Male" type="Node3D" parent="."]
visible = false
metadata/ufile_ids = ["9a6b87430c6b2684aa9c1d4616d38a60:494752", "9a6b87430c6b2684aa9c1d4616d38a60:101720", "9a6b87430c6b2684aa9c1d4616d38a60:13719894"]

[node name="_mesh" type="MeshInstance3D" parent="Character_Goblin_Warrior_Male"]
mesh = ExtResource("9_kejld")
surface_material_override/0 = ExtResource("2_mvcc8")

[node name="Character_Hero_Knight_Female" type="Node3D" parent="."]
visible = false
metadata/ufile_ids = ["9a6b87430c6b2684aa9c1d4616d38a60:490432", "9a6b87430c6b2684aa9c1d4616d38a60:144372", "9a6b87430c6b2684aa9c1d4616d38a60:13732464"]

[node name="_mesh" type="MeshInstance3D" parent="Character_Hero_Knight_Female"]
mesh = ExtResource("10_g18q3")
surface_material_override/0 = ExtResource("2_mvcc8")

[node name="Character_Hero_Knight_Male" type="Node3D" parent="."]
visible = false
metadata/ufile_ids = ["9a6b87430c6b2684aa9c1d4616d38a60:404032", "9a6b87430c6b2684aa9c1d4616d38a60:115160", "9a6b87430c6b2684aa9c1d4616d38a60:13741680"]

[node name="_mesh" type="MeshInstance3D" parent="Character_Hero_Knight_Male"]
mesh = ExtResource("11_uiru3")
surface_material_override/0 = ExtResource("2_mvcc8")

[node name="Character_Rock_Golem" type="Node3D" parent="."]
visible = false
metadata/ufile_ids = ["9a6b87430c6b2684aa9c1d4616d38a60:403268", "9a6b87430c6b2684aa9c1d4616d38a60:182236", "9a6b87430c6b2684aa9c1d4616d38a60:13797326"]

[node name="_mesh" type="MeshInstance3D" parent="Character_Rock_Golem"]
mesh = ExtResource("12_c82cy")
surface_material_override/0 = ExtResource("2_mvcc8")

[node name="Character_Skeleton_Knight" type="Node3D" parent="."]
visible = false
metadata/ufile_ids = ["9a6b87430c6b2684aa9c1d4616d38a60:464740", "9a6b87430c6b2684aa9c1d4616d38a60:134396", "9a6b87430c6b2684aa9c1d4616d38a60:13718110"]

[node name="_mesh" type="MeshInstance3D" parent="Character_Skeleton_Knight"]
mesh = ExtResource("13_m7otk")
surface_material_override/0 = ExtResource("2_mvcc8")

[node name="Character_Skeleton_Slave_01" type="Node3D" parent="."]
visible = false
metadata/ufile_ids = ["9a6b87430c6b2684aa9c1d4616d38a60:418346", "9a6b87430c6b2684aa9c1d4616d38a60:121784", "9a6b87430c6b2684aa9c1d4616d38a60:13740750"]

[node name="_mesh" type="MeshInstance3D" parent="Character_Skeleton_Slave_01"]
mesh = ExtResource("14_enf0c")
surface_material_override/0 = ExtResource("2_mvcc8")

[node name="Character_Skeleton_Soldier_01" type="Node3D" parent="."]
visible = false
metadata/ufile_ids = ["9a6b87430c6b2684aa9c1d4616d38a60:419464", "9a6b87430c6b2684aa9c1d4616d38a60:102904", "9a6b87430c6b2684aa9c1d4616d38a60:13704058"]

[node name="_mesh" type="MeshInstance3D" parent="Character_Skeleton_Soldier_01"]
mesh = ExtResource("15_sc82l")
surface_material_override/0 = ExtResource("2_mvcc8")

[node name="Character_Skeleton_Soldier_02" type="Node3D" parent="."]
visible = false
metadata/ufile_ids = ["9a6b87430c6b2684aa9c1d4616d38a60:460636", "9a6b87430c6b2684aa9c1d4616d38a60:136752", "9a6b87430c6b2684aa9c1d4616d38a60:13717376"]

[node name="_mesh" type="MeshInstance3D" parent="Character_Skeleton_Soldier_02"]
mesh = ExtResource("16_17dqs")
surface_material_override/0 = ExtResource("2_mvcc8")

[node name="Character_Tormented_Soul" type="Node3D" parent="."]
visible = false
metadata/ufile_ids = ["9a6b87430c6b2684aa9c1d4616d38a60:444832", "9a6b87430c6b2684aa9c1d4616d38a60:195100", "9a6b87430c6b2684aa9c1d4616d38a60:13724628"]

[node name="_mesh" type="MeshInstance3D" parent="Character_Tormented_Soul"]
mesh = ExtResource("17_t5qlf")
surface_material_override/0 = ExtResource("2_mvcc8")

[node name="Root" type="Node3D" parent="."]
transform = Transform3D(0.01, 0, 0, 0, 0.01, 0, 0, 0, 0.01, 0, 0, 0)
metadata/ufile_ids = ["9a6b87430c6b2684aa9c1d4616d38a60:447506", "9a6b87430c6b2684aa9c1d4616d38a60:135218"]

[node name="Hips" type="Node3D" parent="Root"]
transform = Transform3D(0, 0, 1, 0.988775, 0.149412, 0, -0.149412, 0.988775, 0, 0, 87.6276, 0)
metadata/ufile_ids = ["9a6b87430c6b2684aa9c1d4616d38a60:458926", "9a6b87430c6b2684aa9c1d4616d38a60:187700"]

[node name="SM_Item_Bag_Large" type="Node3D" parent="Root/Hips"]
transform = Transform3D(0, 0.988775, -0.149412, 0, 0.149412, 0.988775, 1, 0, 0, 7.34898, 1.11049, -20.6229)
visible = false
metadata/ufile_ids = ["9a6b87430c6b2684aa9c1d4616d38a60:441126", "9a6b87430c6b2684aa9c1d4616d38a60:110336", "9a6b87430c6b2684aa9c1d4616d38a60:3349336", "9a6b87430c6b2684aa9c1d4616d38a60:2353336"]

[node name="_mesh" type="MeshInstance3D" parent="Root/Hips/SM_Item_Bag_Large"]
mesh = ExtResource("18_jr4us")
surface_material_override/0 = ExtResource("2_mvcc8")

[node name="SM_Item_Bags" type="Node3D" parent="Root/Hips"]
transform = Transform3D(0, 0.988775, -0.149412, 0, 0.149412, 0.988775, 1, 0, 0, 7.34898, 1.11049, -20.6229)
visible = false
metadata/ufile_ids = ["9a6b87430c6b2684aa9c1d4616d38a60:443878", "9a6b87430c6b2684aa9c1d4616d38a60:168352", "9a6b87430c6b2684aa9c1d4616d38a60:3310940", "9a6b87430c6b2684aa9c1d4616d38a60:2311472"]

[node name="_mesh" type="MeshInstance3D" parent="Root/Hips/SM_Item_Bags"]
mesh = ExtResource("19_so2jr")
surface_material_override/0 = ExtResource("2_mvcc8")

[node name="SM_Item_Bones" type="Node3D" parent="Root/Hips"]
transform = Transform3D(0, 0.988775, -0.149412, 0, 0.149412, 0.988775, 1, 0, 0, 9.02181, 1.36327, -18.7515)
visible = false
metadata/ufile_ids = ["9a6b87430c6b2684aa9c1d4616d38a60:435360", "9a6b87430c6b2684aa9c1d4616d38a60:178784", "9a6b87430c6b2684aa9c1d4616d38a60:3314208", "9a6b87430c6b2684aa9c1d4616d38a60:2382564"]

[node name="_mesh" type="MeshInstance3D" parent="Root/Hips/SM_Item_Bones"]
mesh = ExtResource("20_vj1yp")
surface_material_override/0 = ExtResource("2_mvcc8")

[node name="SM_Item_Horn" type="Node3D" parent="Root/Hips"]
transform = Transform3D(0, 0.988775, -0.149412, 0, 0.149412, 0.988775, 1, 0, 0, 7.95274, 1.20172, 16.5818)
visible = false
metadata/ufile_ids = ["9a6b87430c6b2684aa9c1d4616d38a60:413520", "9a6b87430c6b2684aa9c1d4616d38a60:131426", "9a6b87430c6b2684aa9c1d4616d38a60:3300154", "9a6b87430c6b2684aa9c1d4616d38a60:2364506"]

[node name="_mesh" type="MeshInstance3D" parent="Root/Hips/SM_Item_Horn"]
mesh = ExtResource("21_fhpc6")
surface_material_override/0 = ExtResource("2_mvcc8")

[node name="SM_Item_Shrooms" type="Node3D" parent="Root/Hips"]
transform = Transform3D(0, 0.988775, -0.149412, 0, 0.149412, 0.988775, 1, 0, 0, 9, 2.3, 18.9)
metadata/ufile_ids = ["9a6b87430c6b2684aa9c1d4616d38a60:409462", "9a6b87430c6b2684aa9c1d4616d38a60:114034", "9a6b87430c6b2684aa9c1d4616d38a60:3341540", "9a6b87430c6b2684aa9c1d4616d38a60:2352886"]

[node name="_mesh" type="MeshInstance3D" parent="Root/Hips/SM_Item_Shrooms"]
mesh = ExtResource("22_7xwfg")
surface_material_override/0 = ExtResource("2_mvcc8")

[node name="SM_Item_Shrunken_Head" type="Node3D" parent="Root/Hips"]
transform = Transform3D(-0.122535, 0.939419, 0.32012, 0.991102, 0.0989298, 0.0890537, 0.0519893, 0.328184, -0.943182, 6.56217, -0.134331, -17.6248)
visible = false
metadata/ufile_ids = ["9a6b87430c6b2684aa9c1d4616d38a60:403560", "9a6b87430c6b2684aa9c1d4616d38a60:191980", "9a6b87430c6b2684aa9c1d4616d38a60:3352140", "9a6b87430c6b2684aa9c1d4616d38a60:2353176"]

[node name="_mesh" type="MeshInstance3D" parent="Root/Hips/SM_Item_Shrunken_Head"]
mesh = ExtResource("23_qxs6f")
surface_material_override/0 = ExtResource("2_mvcc8")

[node name="Spine_01" type="Node3D" parent="Root/Hips"]
transform = Transform3D(0.980128, 0.198365, -2.61763e-15, 0.198365, -0.980128, -4.04826e-16, -2.64591e-15, -1.22465e-16, -1, 10.3933, 1.33227e-15, 4.61554e-15)
metadata/ufile_ids = ["9a6b87430c6b2684aa9c1d4616d38a60:457526", "9a6b87430c6b2684aa9c1d4616d38a60:104468"]

[node name="Spine_02" type="Node3D" parent="Root/Hips/Spine_01"]
transform = Transform3D(0.980791, 0.195062, 1.17781e-15, 0.195062, -0.980791, 3.59108e-16, 1.22523e-15, -1.22465e-16, -1, 18.1512, 1.55431e-15, -7.10107e-15)
metadata/ufile_ids = ["9a6b87430c6b2684aa9c1d4616d38a60:470006", "9a6b87430c6b2684aa9c1d4616d38a60:186808"]

[node name="SM_Item_Goblin_WarBanner" type="Node3D" parent="Root/Hips/Spine_01/Spine_02"]
transform = Transform3D(0, 0.989273, -0.14608, 0, 0.14608, 0.989273, 1, 0, 0, 10.0745, -13.7135, 3.42695e-13)
visible = false
metadata/ufile_ids = ["9a6b87430c6b2684aa9c1d4616d38a60:490752", "9a6b87430c6b2684aa9c1d4616d38a60:186674", "9a6b87430c6b2684aa9c1d4616d38a60:3344996", "9a6b87430c6b2684aa9c1d4616d38a60:2321104"]

[node name="_mesh" type="MeshInstance3D" parent="Root/Hips/Spine_01/Spine_02/SM_Item_Goblin_WarBanner"]
mesh = ExtResource("24_8csc7")
surface_material_override/0 = ExtResource("2_mvcc8")

[node name="SM_Item_Shield" type="Node3D" parent="Root/Hips/Spine_01/Spine_02"]
transform = Transform3D(0, 0.989273, -0.14608, 0, 0.14608, 0.989273, 1, 0, 0, 19.4008, -9.59115, 4.07389e-13)
visible = false
metadata/ufile_ids = ["9a6b87430c6b2684aa9c1d4616d38a60:480160", "9a6b87430c6b2684aa9c1d4616d38a60:103428", "9a6b87430c6b2684aa9c1d4616d38a60:3391482", "9a6b87430c6b2684aa9c1d4616d38a60:2317176"]

[node name="_mesh" type="MeshInstance3D" parent="Root/Hips/Spine_01/Spine_02/SM_Item_Shield"]
mesh = ExtResource("25_47b3v")
surface_material_override/0 = ExtResource("2_mvcc8")

[node name="SM_Item_Sword" type="Node3D" parent="Root/Hips/Spine_01/Spine_02"]
transform = Transform3D(0, 0.989273, -0.14608, 0, 0.14608, 0.989273, 1, 0, 0, 16.9072, -12.0668, 3.97542e-13)
visible = false
metadata/ufile_ids = ["9a6b87430c6b2684aa9c1d4616d38a60:484006", "9a6b87430c6b2684aa9c1d4616d38a60:112336", "9a6b87430c6b2684aa9c1d4616d38a60:3337206", "9a6b87430c6b2684aa9c1d4616d38a60:2305046"]

[node name="_mesh" type="MeshInstance3D" parent="Root/Hips/Spine_01/Spine_02/SM_Item_Sword"]
mesh = ExtResource("26_ju8yq")
surface_material_override/0 = ExtResource("2_mvcc8")

[node name="Spine_03" type="Node3D" parent="Root/Hips/Spine_01/Spine_02"]
transform = Transform3D(0.975318, 0.220805, 5.46841e-17, 0.220805, -0.975318, 1.37944e-16, 8.37932e-17, -1.22465e-16, -1, 17.9037, 2.22045e-15, 7.50973e-15)
metadata/ufile_ids = ["9a6b87430c6b2684aa9c1d4616d38a60:416550", "9a6b87430c6b2684aa9c1d4616d38a60:176726"]

[node name="Clavicle_L" type="Node3D" parent="Root/Hips/Spine_01/Spine_02/Spine_03"]
transform = Transform3D(-0.0486081, 0.996564, 0.0670689, 0.467129, 0.0820338, -0.880376, -0.882852, -0.0114634, -0.469511, 5.80117, -4.19145, -7.44715)
metadata/ufile_ids = ["9a6b87430c6b2684aa9c1d4616d38a60:404342", "9a6b87430c6b2684aa9c1d4616d38a60:101442"]

[node name="Shoulder_L" type="Node3D" parent="Root/Hips/Spine_01/Spine_02/Spine_03/Clavicle_L"]
transform = Transform3D(0.885509, 0.0602784, -0.460696, -0.0710111, 0.997458, -0.00598189, 0.459164, 0.0380115, 0.887538, 13.1979, -4.85723e-17, -2.66454e-15)
metadata/ufile_ids = ["9a6b87430c6b2684aa9c1d4616d38a60:467812", "9a6b87430c6b2684aa9c1d4616d38a60:184274"]

[node name="Elbow_L" type="Node3D" parent="Root/Hips/Spine_01/Spine_02/Spine_03/Clavicle_L/Shoulder_L"]
transform = Transform3D(0.993276, -0.0825021, -0.081223, 0.0822276, 0.996591, -0.00672399, 0.0815009, -2.32831e-10, 0.996673, 33.9474, -0.144907, -0.143626)
metadata/ufile_ids = ["9a6b87430c6b2684aa9c1d4616d38a60:474134", "9a6b87430c6b2684aa9c1d4616d38a60:187660"]

[node name="Hand_L" type="Node3D" parent="Root/Hips/Spine_01/Spine_02/Spine_03/Clavicle_L/Shoulder_L/Elbow_L"]
transform = Transform3D(0.997432, 3.33198e-15, 0.0716155, -3.33544e-15, 1, -7.12448e-17, -0.0716155, -1.67807e-16, 0.997432, 27.1145, 0, -0.0381364)
metadata/ufile_ids = ["9a6b87430c6b2684aa9c1d4616d38a60:402320", "9a6b87430c6b2684aa9c1d4616d38a60:125688"]

[node name="Finger_01" type="Node3D" parent="Root/Hips/Spine_01/Spine_02/Spine_03/Clavicle_L/Shoulder_L/Elbow_L/Hand_L"]
transform = Transform3D(0.98976, 0.11253, 0.0878153, -0.112967, 0.993599, 0, -0.0872532, -0.0099202, 0.996137, 9.98253, -0.115959, -3.28334)
metadata/ufile_ids = ["9a6b87430c6b2684aa9c1d4616d38a60:431032", "9a6b87430c6b2684aa9c1d4616d38a60:132874"]

[node name="Finger_02" type="Node3D" parent="Root/Hips/Spine_01/Spine_02/Spine_03/Clavicle_L/Shoulder_L/Elbow_L/Hand_L/Finger_01"]
transform = Transform3D(0.998335, 0.042418, -0.0390799, -0.0426236, 0.999081, -0.00444316, 0.0388555, 0.00610149, 0.999226, 4.24881, -1.05818e-15, -8.32667e-16)
metadata/ufile_ids = ["9a6b87430c6b2684aa9c1d4616d38a60:447290", "9a6b87430c6b2684aa9c1d4616d38a60:156430"]

[node name="Finger_03" type="Node3D" parent="Root/Hips/Spine_01/Spine_02/Spine_03/Clavicle_L/Shoulder_L/Elbow_L/Hand_L/Finger_01/Finger_02"]
transform = Transform3D(0.972665, 0.181128, 0.145312, -0.186317, 0.982225, 0.0228184, -0.138596, -0.0492687, 0.989123, 3.51333, -3.00324e-14, 3.77476e-15)
metadata/ufile_ids = ["9a6b87430c6b2684aa9c1d4616d38a60:444860", "9a6b87430c6b2684aa9c1d4616d38a60:172248"]

[node name="Finger_04" type="Node3D" parent="Root/Hips/Spine_01/Spine_02/Spine_03/Clavicle_L/Shoulder_L/Elbow_L/Hand_L/Finger_01/Finger_02/Finger_03"]
transform = Transform3D(0.924156, -0.33495, -0.183697, 0.328523, 0.942236, -0.0653013, 0.194958, 0, 0.980812, 3.00324, 2.12677e-14, -1.11022e-16)
metadata/ufile_ids = ["9a6b87430c6b2684aa9c1d4616d38a60:408590", "9a6b87430c6b2684aa9c1d4616d38a60:135116"]

[node name="IndexFinger_01" type="Node3D" parent="Root/Hips/Spine_01/Spine_02/Spine_03/Clavicle_L/Shoulder_L/Elbow_L/Hand_L"]
transform = Transform3D(0.991306, 0.00845244, -0.131305, -0.00852626, 0.999964, 0, 0.1313, 0.00111954, 0.991342, 10.3966, 0.398715, 2.67265)
metadata/ufile_ids = ["9a6b87430c6b2684aa9c1d4616d38a60:434328", "9a6b87430c6b2684aa9c1d4616d38a60:112742"]

[node name="IndexFinger_02" type="Node3D" parent="Root/Hips/Spine_01/Spine_02/Spine_03/Clavicle_L/Shoulder_L/Elbow_L/Hand_L/IndexFinger_01"]
transform = Transform3D(0.980432, 0.19567, 0.0216048, -0.19572, 0.98066, 0.000184215, -0.021151, -0.00440911, 0.999767, 4.09363, -1.52764e-16, 2.44249e-15)
metadata/ufile_ids = ["9a6b87430c6b2684aa9c1d4616d38a60:459394", "9a6b87430c6b2684aa9c1d4616d38a60:154808"]

[node name="IndexFinger_03" type="Node3D" parent="Root/Hips/Spine_01/Spine_02/Spine_03/Clavicle_L/Shoulder_L/Elbow_L/Hand_L/IndexFinger_01/IndexFinger_02"]
transform = Transform3D(0.992179, 0.113423, 0.0521209, -0.114134, 0.993406, 0.0108651, -0.0505449, -0.0167289, 0.998582, 3.79119, -2.1462e-14, -3.83027e-15)
metadata/ufile_ids = ["9a6b87430c6b2684aa9c1d4616d38a60:473904", "9a6b87430c6b2684aa9c1d4616d38a60:186906"]

[node name="IndexFinger_04" type="Node3D" parent="Root/Hips/Spine_01/Spine_02/Spine_03/Clavicle_L/Shoulder_L/Elbow_L/Hand_L/IndexFinger_01/IndexFinger_02/IndexFinger_03"]
transform = Transform3D(0.947822, -0.314209, 0.0539051, 0.313702, 0.949354, 0.017841, -0.0567808, 9.31323e-10, 0.998387, 3.77979, -1.92841e-14, -9.99201e-16)
metadata/ufile_ids = ["9a6b87430c6b2684aa9c1d4616d38a60:495754", "9a6b87430c6b2684aa9c1d4616d38a60:162594"]

[node name="Thumb_01" type="Node3D" parent="Root/Hips/Spine_01/Spine_02/Spine_03/Clavicle_L/Shoulder_L/Elbow_L/Hand_L"]
transform = Transform3D(0.831214, 0.154317, -0.534106, -0.182534, 0.9832, 1.11759e-08, 0.525132, 0.0974924, 0.845418, 3.51405, -1.17069, 4.50554)
metadata/ufile_ids = ["9a6b87430c6b2684aa9c1d4616d38a60:478096", "9a6b87430c6b2684aa9c1d4616d38a60:178402"]

[node name="Thumb_02" type="Node3D" parent="Root/Hips/Spine_01/Spine_02/Spine_03/Clavicle_L/Shoulder_L/Elbow_L/Hand_L/Thumb_01"]
transform = Transform3D(0.932106, 0.268778, 0.242769, -0.287605, 0.956688, 0.0450708, -0.22014, -0.111832, 0.969037, 6.37021, -6.10623e-16, 4.44089e-16)
metadata/ufile_ids = ["9a6b87430c6b2684aa9c1d4616d38a60:457854", "9a6b87430c6b2684aa9c1d4616d38a60:170998"]

[node name="Thumb_03" type="Node3D" parent="Root/Hips/Spine_01/Spine_02/Spine_03/Clavicle_L/Shoulder_L/Elbow_L/Hand_L/Thumb_01/Thumb_02"]
transform = Transform3D(0.847975, -0.452915, 0.27533, 0.430776, 0.891554, 0.139869, -0.30882, 0, 0.951121, 5.66557, 2.91156e-14, 3.9968e-15)
metadata/ufile_ids = ["9a6b87430c6b2684aa9c1d4616d38a60:453328", "9a6b87430c6b2684aa9c1d4616d38a60:187534"]

[node name="Clavicle_R" type="Node3D" parent="Root/Hips/Spine_01/Spine_02/Spine_03"]
transform = Transform3D(0.0486079, -0.996564, -0.0670688, -0.467129, -0.0820339, 0.880376, -0.882852, -0.0114635, -0.469511, 5.80153, -4.19142, 7.44715)
metadata/ufile_ids = ["9a6b87430c6b2684aa9c1d4616d38a60:484992", "9a6b87430c6b2684aa9c1d4616d38a60:168458"]

[node name="Shoulder_R" type="Node3D" parent="Root/Hips/Spine_01/Spine_02/Spine_03/Clavicle_R"]
transform = Transform3D(0.885509, 0.0602784, -0.460696, -0.0710111, 0.997458, -0.00598189, 0.459164, 0.0380115, 0.887538, -13.1979, 0.000647339, 4.73534e-06)
metadata/ufile_ids = ["9a6b87430c6b2684aa9c1d4616d38a60:464016", "9a6b87430c6b2684aa9c1d4616d38a60:158872"]

[node name="Elbow_R" type="Node3D" parent="Root/Hips/Spine_01/Spine_02/Spine_03/Clavicle_R/Shoulder_R"]
transform = Transform3D(0.993276, -0.0825021, -0.081223, 0.0822276, 0.996591, -0.00672399, 0.0815009, -2.32831e-10, 0.996673, -33.9475, 0.144759, 0.143626)
metadata/ufile_ids = ["9a6b87430c6b2684aa9c1d4616d38a60:482960", "9a6b87430c6b2684aa9c1d4616d38a60:185138"]

[node name="Hand_R" type="Node3D" parent="Root/Hips/Spine_01/Spine_02/Spine_03/Clavicle_R/Shoulder_R/Elbow_R"]
transform = Transform3D(0.997432, -2.35026e-15, 0.0716155, 2.33581e-15, 1, 2.85541e-16, -0.0716155, -1.17528e-16, 0.997432, -27.1145, -2.84217e-14, 0.0381361)
metadata/ufile_ids = ["9a6b87430c6b2684aa9c1d4616d38a60:474972", "9a6b87430c6b2684aa9c1d4616d38a60:127346"]

[node name="Finger_01 1" type="Node3D" parent="Root/Hips/Spine_01/Spine_02/Spine_03/Clavicle_R/Shoulder_R/Elbow_R/Hand_R"]
transform = Transform3D(0.98976, 0.11253, 0.0878153, -0.112967, 0.993599, 0, -0.0872532, -0.0099202, 0.996137, -9.9825, 0.116, 3.28334)
metadata/ufile_ids = ["9a6b87430c6b2684aa9c1d4616d38a60:477684", "9a6b87430c6b2684aa9c1d4616d38a60:162546"]

[node name="Finger_02 1" type="Node3D" parent="Root/Hips/Spine_01/Spine_02/Spine_03/Clavicle_R/Shoulder_R/Elbow_R/Hand_R/Finger_01 1"]
transform = Transform3D(0.998335, 0.042418, -0.0390799, -0.0426236, 0.999081, -0.00444316, 0.0388555, 0.00610149, 0.999226, -4.24881, 2.65344e-05, -1.97899e-06)
metadata/ufile_ids = ["9a6b87430c6b2684aa9c1d4616d38a60:433226", "9a6b87430c6b2684aa9c1d4616d38a60:116026"]

[node name="Finger_03 1" type="Node3D" parent="Root/Hips/Spine_01/Spine_02/Spine_03/Clavicle_R/Shoulder_R/Elbow_R/Hand_R/Finger_01 1/Finger_02 1"]
transform = Transform3D(0.972665, 0.181128, 0.145312, -0.186317, 0.982225, 0.0228184, -0.138596, -0.0492687, 0.989123, -3.51332, -1.99785e-05, 1.48536e-06)
metadata/ufile_ids = ["9a6b87430c6b2684aa9c1d4616d38a60:449236", "9a6b87430c6b2684aa9c1d4616d38a60:136420"]

[node name="Finger_04 1" type="Node3D" parent="Root/Hips/Spine_01/Spine_02/Spine_03/Clavicle_R/Shoulder_R/Elbow_R/Hand_R/Finger_01 1/Finger_02 1/Finger_03 1"]
transform = Transform3D(0.924156, -0.33495, -0.183697, 0.328523, 0.942236, -0.0653013, 0.194958, 0, 0.980812, -3.00311, 0.000113347, 3.5911e-05)
metadata/ufile_ids = ["9a6b87430c6b2684aa9c1d4616d38a60:450266", "9a6b87430c6b2684aa9c1d4616d38a60:151766"]

[node name="IndexFinger_01 1" type="Node3D" parent="Root/Hips/Spine_01/Spine_02/Spine_03/Clavicle_R/Shoulder_R/Elbow_R/Hand_R"]
transform = Transform3D(0.991306, 0.00845244, -0.131305, -0.00852626, 0.999964, 0, 0.1313, 0.00111954, 0.991342, -10.3966, -0.399, -2.67265)
metadata/ufile_ids = ["9a6b87430c6b2684aa9c1d4616d38a60:437748", "9a6b87430c6b2684aa9c1d4616d38a60:195546"]

[node name="IndexFinger_02 1" type="Node3D" parent="Root/Hips/Spine_01/Spine_02/Spine_03/Clavicle_R/Shoulder_R/Elbow_R/Hand_R/IndexFinger_01 1"]
transform = Transform3D(0.980432, 0.19567, 0.0216048, -0.19572, 0.98066, 0.000184215, -0.021151, -0.00440911, 0.999767, -4.09359, 9.69869e-05, -4.95675e-06)
metadata/ufile_ids = ["9a6b87430c6b2684aa9c1d4616d38a60:424814", "9a6b87430c6b2684aa9c1d4616d38a60:144240"]

[node name="IndexFinger_03 1" type="Node3D" parent="Root/Hips/Spine_01/Spine_02/Spine_03/Clavicle_R/Shoulder_R/Elbow_R/Hand_R/IndexFinger_01 1/IndexFinger_02 1"]
transform = Transform3D(0.992179, 0.113423, 0.0521209, -0.114134, 0.993406, 0.0108651, -0.0505449, -0.0167289, 0.998582, -3.79121, 0.000324998, -4.54529e-06)
metadata/ufile_ids = ["9a6b87430c6b2684aa9c1d4616d38a60:422728", "9a6b87430c6b2684aa9c1d4616d38a60:197828"]

[node name="IndexFinger_04 1" type="Node3D" parent="Root/Hips/Spine_01/Spine_02/Spine_03/Clavicle_R/Shoulder_R/Elbow_R/Hand_R/IndexFinger_01 1/IndexFinger_02 1/IndexFinger_03 1"]
transform = Transform3D(0.947822, -0.314209, 0.0539051, 0.313702, 0.949354, 0.017841, -0.0567808, 9.31323e-10, 0.998387, -3.77933, -0.000526571, -1.55074e-05)
metadata/ufile_ids = ["9a6b87430c6b2684aa9c1d4616d38a60:496848", "9a6b87430c6b2684aa9c1d4616d38a60:139550"]

[node name="Thumb_01 1" type="Node3D" parent="Root/Hips/Spine_01/Spine_02/Spine_03/Clavicle_R/Shoulder_R/Elbow_R/Hand_R"]
transform = Transform3D(0.831214, 0.154317, -0.534106, -0.182534, 0.9832, 1.11759e-08, 0.525132, 0.0974924, 0.845418, -3.514, 1.171, -4.50554)
metadata/ufile_ids = ["9a6b87430c6b2684aa9c1d4616d38a60:478580", "9a6b87430c6b2684aa9c1d4616d38a60:186110"]

[node name="Thumb_02 1" type="Node3D" parent="Root/Hips/Spine_01/Spine_02/Spine_03/Clavicle_R/Shoulder_R/Elbow_R/Hand_R/Thumb_01 1"]
transform = Transform3D(0.932106, 0.268778, 0.242769, -0.287605, 0.956688, 0.0450708, -0.22014, -0.111832, 0.969037, -6.37015, -0.000781182, 4.36381e-05)
metadata/ufile_ids = ["9a6b87430c6b2684aa9c1d4616d38a60:477552", "9a6b87430c6b2684aa9c1d4616d38a60:139282"]

[node name="Thumb_03 1" type="Node3D" parent="Root/Hips/Spine_01/Spine_02/Spine_03/Clavicle_R/Shoulder_R/Elbow_R/Hand_R/Thumb_01 1/Thumb_02 1"]
transform = Transform3D(0.847975, -0.452915, 0.27533, 0.430776, 0.891554, 0.139869, -0.30882, 0, 0.951121, -5.66551, 9.8355e-06, -2.02795e-05)
metadata/ufile_ids = ["9a6b87430c6b2684aa9c1d4616d38a60:480310", "9a6b87430c6b2684aa9c1d4616d38a60:174392"]

[node name="Neck" type="Node3D" parent="Root/Hips/Spine_01/Spine_02/Spine_03"]
transform = Transform3D(0.996517, 0.083394, -2.61169e-15, -0.083394, 0.996517, -3.21126e-17, 2.59992e-15, 2.498e-16, 1, 11.189, -6.66134e-16, -4.62441e-15)
metadata/ufile_ids = ["9a6b87430c6b2684aa9c1d4616d38a60:428662", "9a6b87430c6b2684aa9c1d4616d38a60:118104"]

[node name="Head" type="Node3D" parent="Root/Hips/Spine_01/Spine_02/Spine_03/Neck"]
transform = Transform3D(0, 0.987303, 0.158851, 0, 0.158851, -0.987303, -1, 0, 0, 12.1644, -1.5099e-14, -5.05918e-15)
metadata/ufile_ids = ["9a6b87430c6b2684aa9c1d4616d38a60:473790", "9a6b87430c6b2684aa9c1d4616d38a60:100968"]

[node name="Eyebrows" type="Node3D" parent="Root/Hips/Spine_01/Spine_02/Spine_03/Neck/Head"]
transform = Transform3D(1, 0, 0, 0, 1, 0, 0, 0, 1, -2.52435e-29, 12.7669, 12.2722)
metadata/ufile_ids = ["9a6b87430c6b2684aa9c1d4616d38a60:425218", "9a6b87430c6b2684aa9c1d4616d38a60:178844"]

[node name="Eyes" type="Node3D" parent="Root/Hips/Spine_01/Spine_02/Spine_03/Neck/Head"]
transform = Transform3D(1, 0, 0, 0, 1, 0, 0, 0, 1, 2.05104e-29, 9.44761, 12.2722)
metadata/ufile_ids = ["9a6b87430c6b2684aa9c1d4616d38a60:462366", "9a6b87430c6b2684aa9c1d4616d38a60:109176"]

[node name="SM_Item_Goblin_Hair" type="Node3D" parent="Root/Hips/Spine_01/Spine_02/Spine_03/Neck/Head"]
transform = Transform3D(1, 1.11999e-14, -8.30618e-15, -1.11999e-14, 1, -3.13721e-13, 8.30618e-15, 3.13721e-13, 1, -0.482341, 18.4513, -11.6214)
visible = false
metadata/ufile_ids = ["9a6b87430c6b2684aa9c1d4616d38a60:473688", "9a6b87430c6b2684aa9c1d4616d38a60:170610", "9a6b87430c6b2684aa9c1d4616d38a60:3306458", "9a6b87430c6b2684aa9c1d4616d38a60:2367482"]

[node name="_mesh" type="MeshInstance3D" parent="Root/Hips/Spine_01/Spine_02/Spine_03/Neck/Head/SM_Item_Goblin_Hair"]
mesh = ExtResource("27_jgxft")
surface_material_override/0 = ExtResource("2_mvcc8")

[node name="SM_Item_Mask_01" type="Node3D" parent="Root/Hips/Spine_01/Spine_02/Spine_03/Neck/Head"]
transform = Transform3D(1, 1.11999e-14, -8.30618e-15, -1.11999e-14, 1, -3.13721e-13, 8.30618e-15, 3.13721e-13, 1, -1.26528e-12, -156.911, 0.483958)
visible = false
metadata/ufile_ids = ["9a6b87430c6b2684aa9c1d4616d38a60:421776", "9a6b87430c6b2684aa9c1d4616d38a60:165464", "9a6b87430c6b2684aa9c1d4616d38a60:3328008", "9a6b87430c6b2684aa9c1d4616d38a60:2371586"]

[node name="_mesh" type="MeshInstance3D" parent="Root/Hips/Spine_01/Spine_02/Spine_03/Neck/Head/SM_Item_Mask_01"]
mesh = ExtResource("28_h0h1t")
surface_material_override/0 = ExtResource("2_mvcc8")

[node name="SM_Item_Mask_02" type="Node3D" parent="Root/Hips/Spine_01/Spine_02/Spine_03/Neck/Head"]
transform = Transform3D(1, 1.11999e-14, -8.30618e-15, -1.11999e-14, 1, -3.13721e-13, 8.30618e-15, 3.13721e-13, 1, -1.26528e-12, -156.911, 0.483958)
visible = false
metadata/ufile_ids = ["9a6b87430c6b2684aa9c1d4616d38a60:411256", "9a6b87430c6b2684aa9c1d4616d38a60:125184", "9a6b87430c6b2684aa9c1d4616d38a60:3343306", "9a6b87430c6b2684aa9c1d4616d38a60:2388150"]

[node name="_mesh" type="MeshInstance3D" parent="Root/Hips/Spine_01/Spine_02/Spine_03/Neck/Head/SM_Item_Mask_02"]
mesh = ExtResource("29_eyair")
surface_material_override/0 = ExtResource("2_mvcc8")

[node name="UpperLeg_L" type="Node3D" parent="Root/Hips"]
transform = Transform3D(0.988277, -0.0313848, -0.149412, 0.149337, -0.00474262, 0.988775, -0.0317411, -0.999496, -1.19209e-07, -4.11578, -2.69208, 9.89671)
metadata/ufile_ids = ["9a6b87430c6b2684aa9c1d4616d38a60:465496", "9a6b87430c6b2684aa9c1d4616d38a60:183316"]

[node name="LowerLeg_L" type="Node3D" parent="Root/Hips/UpperLeg_L"]
transform = Transform3D(0.998758, -0.0387686, -0.031288, -0.0242844, 0.16951, -0.985229, 0.0434995, 0.984766, 0.168358, -39.9309, -3.80503e-05, 1.46549e-14)
metadata/ufile_ids = ["9a6b87430c6b2684aa9c1d4616d38a60:452040", "9a6b87430c6b2684aa9c1d4616d38a60:137404"]

[node name="Ankle_L" type="Node3D" parent="Root/Hips/UpperLeg_L/LowerLeg_L"]
transform = Transform3D(0.482309, -0.875969, 0.00742956, -0.864116, -0.474357, 0.168194, -0.143808, -0.0875415, -0.985726, -37.7123, 1.31695e-05, -8.41104e-05)
metadata/ufile_ids = ["9a6b87430c6b2684aa9c1d4616d38a60:430846", "9a6b87430c6b2684aa9c1d4616d38a60:111194"]

[node name="Ball_L" type="Node3D" parent="Root/Hips/UpperLeg_L/LowerLeg_L/Ankle_L"]
transform = Transform3D(0.854183, -0.519973, -7.5118e-15, 0.519973, 0.854183, -9.44708e-15, 1.13287e-14, 4.16361e-15, 1, -11.284, -1.68496e-06, -7.10543e-15)
metadata/ufile_ids = ["9a6b87430c6b2684aa9c1d4616d38a60:475254", "9a6b87430c6b2684aa9c1d4616d38a60:135258"]

[node name="Toes_L" type="Node3D" parent="Root/Hips/UpperLeg_L/LowerLeg_L/Ankle_L/Ball_L"]
transform = Transform3D(0, -7.74325e-13, 1, 0, 1, 7.74325e-13, -1, 0, 0, -7.29575, 2.66454e-15, 1.77636e-15)
metadata/ufile_ids = ["9a6b87430c6b2684aa9c1d4616d38a60:478502", "9a6b87430c6b2684aa9c1d4616d38a60:122792"]

[node name="UpperLeg_R" type="Node3D" parent="Root/Hips"]
transform = Transform3D(-0.988277, 0.0313848, 0.149412, -0.149337, 0.00474262, -0.988775, -0.0317411, -0.999496, 5.96046e-08, -4.11577, -2.69207, -9.89671)
metadata/ufile_ids = ["9a6b87430c6b2684aa9c1d4616d38a60:498336", "9a6b87430c6b2684aa9c1d4616d38a60:114558"]

[node name="LowerLeg_R" type="Node3D" parent="Root/Hips/UpperLeg_R"]
transform = Transform3D(0.998758, -0.0387686, -0.031288, -0.0242844, 0.16951, -0.985229, 0.0434995, 0.984766, 0.168358, 39.9309, -6.88338e-15, -5.33421e-15)
metadata/ufile_ids = ["9a6b87430c6b2684aa9c1d4616d38a60:401524", "9a6b87430c6b2684aa9c1d4616d38a60:117136"]

[node name="Ankle_R" type="Node3D" parent="Root/Hips/UpperLeg_R/LowerLeg_R"]
transform = Transform3D(0.482309, -0.875969, 0.00742956, -0.864116, -0.474357, 0.168194, -0.143808, -0.0875415, -0.985726, 37.7124, -7.77156e-15, 1.68199e-14)
metadata/ufile_ids = ["9a6b87430c6b2684aa9c1d4616d38a60:453924", "9a6b87430c6b2684aa9c1d4616d38a60:125702"]

[node name="Ball_R" type="Node3D" parent="Root/Hips/UpperLeg_R/LowerLeg_R/Ankle_R"]
transform = Transform3D(0.854183, -0.519973, -2.88558e-15, 0.519973, 0.854183, 7.86072e-16, 2.05608e-15, -2.17187e-15, 1, 11.284, -1.15463e-14, -2.11335e-15)
metadata/ufile_ids = ["9a6b87430c6b2684aa9c1d4616d38a60:481160", "9a6b87430c6b2684aa9c1d4616d38a60:198218"]

[node name="Toes_R" type="Node3D" parent="Root/Hips/UpperLeg_R/LowerLeg_R/Ankle_R/Ball_R"]
transform = Transform3D(0, 5.37782e-14, 1, 0, 1, -5.37782e-14, -1, 0, 0, 7.29576, 2.04009e-16, 3.40871e-16)
metadata/ufile_ids = ["9a6b87430c6b2684aa9c1d4616d38a60:471502", "9a6b87430c6b2684aa9c1d4616d38a60:144798"]
